1.52488e-06
9.63652e-07
2.22985e-07
3.41334e-08
4.08625e-09
4.13039e-10
3.67798e-11
2.96077e-12
2.19211e-13
1.51381e-14
-3.27586e-05
-3.62512e-05
-1.52226e-05
-4.17613e-06
-8.77132e-07
-1.52443e-07
-2.29118e-08
-3.05466e-09
-3.67964e-10
-4.10412e-11
0.000287848
0.000340943
0.00015857
4.91573e-05
1.1988e-05
2.50892e-06
4.66563e-07
7.72347e-08
1.1539e-08
1.6604e-09
-3.27586e-05
-3.62512e-05
-1.52226e-05
-4.17613e-06
-8.77132e-07
-1.52443e-07
-2.29118e-08
-3.05466e-09
-3.67964e-10
-4.10412e-11
0.000703744
0.00136372
0.00103926
0.000511028
0.000188333
5.62811e-05
1.42859e-05
3.1611e-06
6.23127e-07
1.14738e-07
-0.00618375
-0.0128266
-0.0108309
-0.00602419
-0.00257967
-0.000928426
-0.000292592
-8.13104e-05
-2.04497e-05
-5.27714e-06
0.000287848
0.000340943
0.00015857
4.91573e-05
1.1988e-05
2.50892e-06
4.66563e-07
7.72347e-08
1.1539e-08
1.6604e-09
-0.00618375
-0.0128266
-0.0108309
-0.00602419
-0.00257967
-0.000928426
-0.000292592
-8.13104e-05
-2.04497e-05
-5.27714e-06
0.0543361
0.120725
0.113406
0.0719246
0.0359595
0.0155756
0.0062156
0.00229616
0.000823949
0.000356623
6.48991e-05
1.35684e-05
1.64086e-06
4.50909e-07
4.29751e-08
1.93743e-09
1.63941e-10
1.52939e-11
7.07397e-13
2.77807e-14
-0.000919745
-0.000357086
-8.14913e-05
-4.13769e-05
-7.07344e-06
-5.5568e-07
-8.00282e-08
-1.24685e-08
-9.49719e-10
-5.99644e-11
0.00477651
0.00212114
0.000575519
0.000362719
7.75772e-05
7.5217e-06
1.35336e-06
2.70068e-07
2.76141e-08
2.12225e-09
-0.000919745
-0.000357086
-8.14913e-05
-4.13769e-05
-7.07344e-06
-5.5568e-07
-8.00282e-08
-1.24685e-08
-9.49719e-10
-5.99644e-11
0.0130345
0.0093999
0.00404865
0.00379717
0.00116433
0.00015941
3.90731e-05
1.01668e-05
1.27549e-06
1.29622e-07
-0.0676923
-0.0558459
-0.0285995
-0.0332891
-0.0127715
-0.00215897
-0.000661427
-0.00022054
-3.7181e-05
-4.64324e-06
0.00477651
0.00212114
0.000575519
0.000362719
7.75772e-05
7.5217e-06
1.35336e-06
2.70068e-07
2.76141e-08
2.12225e-09
-0.0676923
-0.0558459
-0.0285995
-0.0332891
-0.0127715
-0.00215897
-0.000661427
-0.00022054
-3.7181e-05
-4.64324e-06
0.351547
0.33186
0.202137
0.291878
0.140175
0.0293664
0.0113217
0.0048607
0.00110825
0.000184936
