1.69178e-06
1.0598e-06
2.42954e-07
3.68368e-08
4.36747e-09
4.37193e-10
3.85564e-11
3.07461e-12
2.25562e-13
1.5436e-14
-3.57047e-05
-3.92602e-05
-1.63573e-05
-4.44854e-06
-9.25692e-07
-1.59353e-07
-2.37306e-08
-3.13755e-09
-3.75146e-10
-4.15344e-11
0.000308904
0.000363899
0.000168046
5.16295e-05
1.24606e-05
2.58223e-06
4.76966e-07
7.87372e-08
1.17524e-08
1.68493e-09
-3.57047e-05
-3.92602e-05
-1.63573e-05
-4.44854e-06
-9.25692e-07
-1.59353e-07
-2.37306e-08
-3.13755e-09
-3.75146e-10
-4.15344e-11
0.000753543
0.00145441
0.00110135
0.000537317
0.000196258
5.81013e-05
1.46193e-05
3.212e-06
6.29888e-07
1.15511e-07
-0.00651937
-0.0134816
-0.0113204
-0.00624558
-0.00264772
-0.000943687
-0.000295587
-8.20666e-05
-2.07063e-05
-5.35935e-06
0.000308904
0.000363899
0.000168046
5.16295e-05
1.24606e-05
2.58223e-06
4.76966e-07
7.87372e-08
1.17524e-08
1.68493e-09
-0.00651937
-0.0134816
-0.0113204
-0.00624558
-0.00264772
-0.000943687
-0.000295587
-8.20666e-05
-2.07063e-05
-5.35935e-06
0.0564032
0.125061
0.116925
0.0735509
0.0363604
0.015589
0.00620634
0.00231044
0.000841411
0.000366771
7.46414e-05
1.49833e-05
1.86007e-06
5.04411e-07
4.55357e-08
2.00252e-09
1.78899e-10
1.58507e-11
6.84698e-13
2.80215e-14
-0.00103334
-0.000386847
-9.08422e-05
-4.55342e-05
-7.37899e-06
-5.65922e-07
-8.60963e-08
-1.27442e-08
-9.07395e-10
-5.95648e-11
0.00523489
0.00224888
0.0006289
0.000391938
7.95814e-05
7.54571e-06
1.43947e-06
2.73396e-07
2.62933e-08
2.04792e-09
-0.00103334
-0.000386847
-9.08422e-05
-4.55342e-05
-7.37899e-06
-5.65922e-07
-8.60963e-08
-1.27442e-08
-9.07395e-10
-5.95648e-11
0.0143055
0.00998786
0.00443659
0.00411047
0.00119576
0.000159936
4.1437e-05
1.02477e-05
1.20286e-06
1.26833e-07
-0.0724718
-0.0580625
-0.0307144
-0.0353812
-0.0128966
-0.00213314
-0.000693356
-0.000220146
-3.49425e-05
-4.42579e-06
0.00523489
0.00224888
0.0006289
0.000391938
7.95814e-05
7.54571e-06
1.43947e-06
2.73396e-07
2.62933e-08
2.04792e-09
-0.0724718
-0.0580625
-0.0307144
-0.0353812
-0.0128966
-0.00213314
-0.000693356
-0.000220146
-3.49425e-05
-4.42579e-06
0.367142
0.33758
0.212734
0.304566
0.139162
0.0285749
0.0117308
0.00480678
0.00103932
0.00017499
