0.270512
0.417516
0.136436
0.000847746
0.0409807
0.0457809
0.0358733
0.0394867
0.0352713
0.0257428
-1.11779
-1.37075
-0.0629102
0.0215342
-0.207292
-0.00712302
-0.0656324
-0.160663
-0.084956
-0.0363512
-0.276221
-0.42669
-0.125801
-0.00412126
-0.091317
-0.0643714
0.012983
0.012665
-0.0250917
-0.0516426
-1.11779
-1.37075
-0.0629102
0.0215342
-0.207292
-0.00712302
-0.0656324
-0.160663
-0.084956
-0.0363512
4.61884
4.50311
0.0312096
2.33185
1.97164
0.00501828
1.3237
1.27994
0.444972
0.543432
1.14138
1.40053
0.0582103
0.0545647
0.365503
0.00802434
-0.0893477
0.0285937
0.0196819
0.0186686
-0.276221
-0.42669
-0.125801
-0.00412126
-0.091317
-0.0643714
0.012983
0.012665
-0.0250917
-0.0516426
1.14138
1.40053
0.0582103
0.0545647
0.365503
0.00802434
-0.0893477
0.0285937
0.0196819
0.0186686
0.28205
0.436113
0.116578
0.0643381
0.219026
0.102823
0.0187005
0.0561527
0.048164
0.1219
2.03987
1.58953
0.00427732
0.484553
0.258527
0.150427
0.0937785
0.0432926
0.0276165
0.0236351
-4.23412
-3.36427
0.000426926
-0.892344
-0.375835
-0.0899202
0.0143684
-0.0740205
-0.0222992
-0.0581723
-1.12978
-0.897346
-0.000336471
-0.0842254
0.0962555
-0.00214523
0.0112072
-0.0115541
-0.0257217
-0.0521304
-4.23412
-3.36427
0.000426926
-0.892344
-0.375835
-0.0899202
0.0143684
-0.0740205
-0.0222992
-0.0581723
8.78867
7.15122
0.0312147
1.77056
0.611117
0.129016
0.0964866
0.401924
0.0592017
0.32206
2.34507
1.90207
0.00770287
0.0838663
-0.153733
0.070222
-0.0385233
0.186378
0.07185
0.150373
-1.12978
-0.897346
-0.000336471
-0.0842254
0.0962555
-0.00214523
0.0112072
-0.0115541
-0.0257217
-0.0521304
2.34507
1.90207
0.00770287
0.0838663
-0.153733
0.070222
-0.0385233
0.186378
0.07185
0.150373
0.625732
0.506845
0.00318837
0.0646472
0.0396592
0.070288
0.0263418
0.156859
0.111482
0.162389
