2.78864e-10
2.51415e-10
6.51115e-11
8.59585e-12
1.57607e-12
6.48617e-13
1.9911e-13
3.94321e-14
5.31286e-15
5.07813e-16
-4.22764e-08
-5.42166e-08
-2.10762e-08
-3.90347e-09
-1.09294e-09
-8.63136e-10
-4.49481e-10
-1.43724e-10
-3.06464e-11
-4.56035e-12
1.68423e-06
2.18919e-06
8.51763e-07
1.39697e-07
3.92219e-08
4.4413e-08
2.77436e-08
1.04529e-08
2.69017e-09
4.94006e-10
-4.22764e-08
-5.42166e-08
-2.10762e-08
-3.90347e-09
-1.09294e-09
-8.63136e-10
-4.49481e-10
-1.43724e-10
-3.06464e-11
-4.56035e-12
6.40921e-06
1.17633e-05
6.97031e-06
1.86229e-06
7.97436e-07
1.18139e-06
1.02614e-06
5.27584e-07
1.78484e-07
4.17064e-08
-0.000255333
-0.000476857
-0.000286191
-6.97619e-05
-3.03682e-05
-6.24256e-05
-6.38767e-05
-3.85786e-05
-1.58068e-05
-4.58704e-06
1.68423e-06
2.18919e-06
8.51763e-07
1.39697e-07
3.92219e-08
4.4413e-08
2.77436e-08
1.04529e-08
2.69017e-09
4.94006e-10
-0.000255333
-0.000476857
-0.000286191
-6.97619e-05
-3.03682e-05
-6.24256e-05
-6.38767e-05
-3.85786e-05
-1.58068e-05
-4.58704e-06
0.0101721
0.0193791
0.0118852
0.002718
0.00125503
0.00339412
0.00400336
0.0028398
0.00141868
0.000512967
5.93843e-05
1.31714e-05
3.9767e-07
2.63015e-07
4.99663e-08
3.11344e-09
9.85653e-11
1.05074e-11
1.23859e-12
6.62916e-14
-0.000967339
-0.000383016
-1.6277e-05
-2.54161e-05
-8.8957e-06
-9.81025e-07
-5.54384e-08
-9.47583e-09
-1.84632e-09
-1.58441e-10
0.00619041
0.00263335
6.64241e-05
0.000229576
0.000100951
1.46555e-05
1.33187e-06
2.35908e-07
5.43412e-08
5.52968e-09
-0.000967339
-0.000383016
-1.6277e-05
-2.54161e-05
-8.8957e-06
-9.81025e-07
-5.54384e-08
-9.47583e-09
-1.84632e-09
-1.58441e-10
0.0157575
0.0112069
0.000672333
0.00248418
0.00158867
0.000310887
3.19247e-05
8.72618e-06
2.79046e-06
3.92914e-07
-0.100839
-0.0775974
-0.00277137
-0.022865
-0.0180937
-0.00468073
-0.000783964
-0.000226554
-8.45663e-05
-1.49862e-05
0.00619041
0.00263335
6.64241e-05
0.000229576
0.000100951
1.46555e-05
1.33187e-06
2.35908e-07
5.43412e-08
5.52968e-09
-0.100839
-0.0775974
-0.00277137
-0.022865
-0.0180937
-0.00468073
-0.000783964
-0.000226554
-8.45663e-05
-1.49862e-05
0.645309
0.541596
0.0115498
0.219358
0.207335
0.0716402
0.0197166
0.00657633
0.00277106
0.000701627
