0.239332
0.457773
0.328585
0.162401
0.07387
0.0362322
0.030128
0.0257738
0.0194206
0.0169744
-0.635045
-0.98595
-0.386411
-0.0612976
-0.0578984
-0.0902965
-0.104504
-0.0605288
-0.0315272
-0.0294308
0.0327724
-0.0670218
-0.222183
-0.178225
-0.0566679
0.0143142
-0.00362494
-0.0405981
-0.0396692
-0.0459746
-0.635045
-0.98595
-0.386411
-0.0612976
-0.0578984
-0.0902965
-0.104504
-0.0605288
-0.0315272
-0.0294308
1.68503
2.86753
1.93601
1.4841
1.21264
0.962016
0.855414
0.56721
0.36552
0.310935
-0.0869585
-0.275094
-0.404416
-0.346778
-0.270027
-0.314896
-0.296461
-0.223197
-0.176765
-0.113394
0.0327724
-0.0670218
-0.222183
-0.178225
-0.0566679
0.0143142
-0.00362494
-0.0405981
-0.0396692
-0.0459746
-0.0869585
-0.275094
-0.404416
-0.346778
-0.270027
-0.314896
-0.296461
-0.223197
-0.176765
-0.113394
0.00448761
0.24746
0.496666
0.47387
0.468542
0.492687
0.53645
0.556062
0.486533
0.465187
0.724112
0.774622
0.354359
0.419869
0.218954
0.0623542
0.0402593
0.0299232
0.0182256
0.0104477
-1.47887
-1.82417
-0.879704
-0.611783
-0.225786
-0.114957
-0.0811971
-0.0538286
-0.0501462
-0.0441422
0.184269
0.197301
0.280247
0.327477
0.168392
0.0647106
-0.0313931
-0.0421527
-0.0169666
-0.0177339
-1.47887
-1.82417
-0.879704
-0.611783
-0.225786
-0.114957
-0.0811971
-0.0538286
-0.0501462
-0.0441422
3.02034
5.67777
3.94376
1.8685
0.932946
0.647322
0.510788
0.422399
0.352625
0.369034
-0.376338
-1.03772
-1.25858
-0.974959
-0.580216
-0.28355
-0.122962
-0.0664991
-0.0112164
0.0772336
0.184269
0.197301
0.280247
0.327477
0.168392
0.0647106
-0.0313931
-0.0421527
-0.0169666
-0.0177339
-0.376338
-1.03772
-1.25858
-0.974959
-0.580216
-0.28355
-0.122962
-0.0664991
-0.0112164
0.0772336
0.046892
0.357127
0.666162
0.631146
0.485088
0.452844
0.459976
0.320089
0.135529
0.0779963
