0.279257
0.525968
0.367008
0.175151
0.0759875
0.0361938
0.0308753
0.026525
0.021878
0.0197915
-0.735323
-1.14474
-0.465291
-0.0866186
-0.0591818
-0.0837049
-0.0956816
-0.0589549
-0.0480374
-0.0463846
0.026469
-0.0826201
-0.2305
-0.175424
-0.054013
0.0123845
-0.00990298
-0.0442207
-0.0436029
-0.0529363
-0.735323
-1.14474
-0.465291
-0.0866186
-0.0591818
-0.0837049
-0.0956816
-0.0589549
-0.0480374
-0.0463846
1.93621
3.40805
2.48853
1.8976
1.40575
0.985964
0.771646
0.488867
0.384357
0.361618
-0.0696967
-0.267173
-0.427666
-0.349181
-0.231102
-0.247033
-0.218802
-0.15336
-0.106878
-0.056209
0.026469
-0.0826201
-0.2305
-0.175424
-0.054013
0.0123845
-0.00990298
-0.0442207
-0.0436029
-0.0529363
-0.0696967
-0.267173
-0.427666
-0.349181
-0.231102
-0.247033
-0.218802
-0.15336
-0.106878
-0.056209
0.00250883
0.231711
0.45846
0.443263
0.464226
0.50214
0.555333
0.570649
0.49942
0.481775
0.754939
0.775606
0.350855
0.426684
0.208206
0.0608458
0.047095
0.0347507
0.0197974
0.0112889
-1.43157
-1.69435
-0.791125
-0.54361
-0.172836
-0.131223
-0.121599
-0.081049
-0.0622941
-0.0518312
0.193351
0.21497
0.303983
0.336882
0.174408
0.0647716
-0.0390178
-0.0432299
-0.0157918
-0.0183779
-1.43157
-1.69435
-0.791125
-0.54361
-0.172836
-0.131223
-0.121599
-0.081049
-0.0622941
-0.0518312
2.71466
4.93623
3.2064
1.49136
0.949916
0.90192
0.808445
0.634876
0.463762
0.412158
-0.366647
-1.01174
-1.21548
-0.92563
-0.546011
-0.268742
-0.127189
-0.083204
-0.0234175
0.0736732
0.193351
0.21497
0.303983
0.336882
0.174408
0.0647716
-0.0390178
-0.0432299
-0.0157918
-0.0183779
-0.366647
-1.01174
-1.21548
-0.92563
-0.546011
-0.268742
-0.127189
-0.083204
-0.0234175
0.0736732
0.0495201
0.367954
0.683003
0.646614
0.494328
0.458868
0.459727
0.310383
0.127279
0.0767207
