   1.98573743824250e+00   7.02059698395963e-01   3.82152441379935e-01   2.48215188514359e-01
   1.92600121758679e+00   6.80821744195473e-01   3.70580068435039e-01   2.40696007738584e-01
   1.82307666307043e+00   6.43842034926875e-01   3.50391379405749e-01   2.27569548053821e-01
   1.68416620172291e+00   5.93113755154869e-01   3.22615792545967e-01   2.09491822877202e-01
   1.51855171348351e+00   5.31307163603205e-01   2.88646296370150e-01   1.87353900734670e-01
   1.33654202217606e+00   4.61550805959400e-01   2.50137320853510e-01   1.62219498575025e-01
   1.14841317658197e+00   3.87192780418427e-01   2.08890984857955e-01   1.35254895628123e-01
   9.63475302620101e-01   3.11560506882219e-01   1.66738584717559e-01   1.07654885497134e-01
   7.89376834460158e-01   2.37741229270326e-01   1.25426976981931e-01   8.05704331533025e-02
   6.31704696162070e-01   1.68401826642193e-01   8.65186853768300e-02   5.50434115057355e-02
   4.93883279049379e-01   1.05660642870523e-01   5.13127322594756e-02   3.19529069667766e-02
   3.77328376883911e-01   5.10172277610463e-02   2.07907830003479e-02   1.19763280000760e-02
   2.81782335238025e-01   5.33916568222810e-03  -4.40946226816730e-03  -4.43290632414695e-03
   2.05745863434727e-01  -3.11006298597530e-02  -2.39943059615365e-02  -1.70508366368723e-02
   1.46928134243902e-01  -5.85469760192123e-02  -3.79904543351226e-02  -2.58727308884252e-02
   1.02654547606300e-01  -7.76589846095430e-02  -4.67024390425842e-02  -3.10894569834807e-02
   7.01944797599802e-02  -8.93937402883526e-02  -5.06567784802191e-02  -3.30536146160708e-02
   4.69937990097078e-02  -9.48895430845101e-02  -5.05389689159351e-02  -3.22390521784317e-02
   3.08149344450977e-02  -9.53588429331341e-02  -4.71291393439894e-02  -2.91974953709922e-02
   1.97990393142703e-02  -9.19980115692822e-02  -4.12414349867956e-02  -2.45157762557469e-02
   1.24702994064255e-02  -8.59179579078983e-02  -3.36710735280472e-02  -1.87766426109393e-02
   7.70292555988684e-03  -7.80967083550133e-02  -2.51517173305232e-02  -1.25254321178901e-02
   4.66858217145962e-03  -6.93527325665166e-02  -1.63244891550279e-02  -6.24410734262524e-03
   2.77764849470336e-03  -6.03361416626782e-02  -7.71875877176938e-03  -3.33349404305297e-04
   1.62312840224757e-03  -5.15339486374373e-02   2.56152398662654e-04   4.89731958462862e-03
   9.32051176442607e-04  -4.32852782008873e-02   7.30991547921863e-03   9.23202347517441e-03
   5.26227236773747e-04  -3.58026159950305e-02   1.32627803728597e-02   1.25447162568403e-02
   2.92278013701449e-04  -2.91957296996049e-02   1.80319591902281e-02   1.47904329517873e-02
   1.59793002541898e-04  -2.34956206370029e-02   2.16149004398061e-02   1.59930950639614e-02
   8.60427695968635e-05  -1.86766402772387e-02   2.40713186407955e-02   1.62313339727959e-02
   4.56592426174962e-05  -1.46756302954616e-02   2.55055093347822e-02   1.56236590784166e-02
   2.38929405546681e-05  -1.14075559471844e-02   2.60500946204623e-02   1.43140824985725e-02
   1.23370661133569e-05  -8.77757103679775e-03   2.58519574438472e-02   1.24590537462391e-02
   6.28978864578766e-06  -6.68977444850212e-03   2.50607702989210e-02   1.02162872397366e-02
   3.16831209369608e-06  -5.05310904602188e-03   2.38202281696018e-02   7.73580791266346e-03
   1.57789675657424e-06  -3.78493809510732e-03   2.22618683772854e-02   5.15331451590573e-03
   7.77470195849694e-07  -2.81284028123590e-03   2.05012030896318e-02   2.58577766511847e-03
   3.79265905804610e-07  -2.07511904440264e-03   1.86357978153959e-02   1.29055011101892e-04
   1.83300370754081e-07  -1.52044840726787e-03   1.67448914829367e-02  -2.14278090126668e-03
   8.78316237350109e-08  -1.10699301441420e-03   1.48901579766522e-02  -4.17675062446411e-03
   4.17559817927304e-08  -8.01257271020952e-04   1.31172431401795e-02  -5.93926795739257e-03
   1.97098010549995e-08  -5.76844405900254e-04   1.14577629580730e-02  -7.41376928339461e-03
   9.24400342115163e-09  -4.13244919654538e-04   9.93150901936576e-03  -8.59797028829105e-03
   4.31095570143209e-09  -2.94725916801250e-04   8.54866844618587e-03  -9.50099848541699e-03
   2.00053577064255e-09  -2.09357517483372e-04   7.31192191182103e-03  -1.01405959033847e-02
   9.24494153167375e-10  -1.48188187242221e-04   6.21833285478090e-03  -1.05405325404729e-02
   4.25769613453893e-10  -1.04565127635325e-04   5.26098074829249e-03  -1.07283225044895e-02
   1.95563056436610e-10  -7.35868378948513e-05   4.43032232823124e-03  -1.07332925228824e-02
   8.96542276742889e-11  -5.16705968126340e-05   3.71528672890277e-03  -1.05850185545497e-02
   4.10541902320940e-11  -3.62164099596956e-05   3.10412510204935e-03  -1.03121203884339e-02
   1.87922337482241e-11  -2.53497036970699e-05   2.58504384731291e-03  -9.94138601101285e-03
   8.60528230735981e-12  -1.77268438619756e-05   2.14665432080193e-03  -9.49718623097463e-03
   3.94501882535080e-12  -1.23898184437863e-05   1.77827224276578e-03  -9.00113434359630e-03
   1.81201268199266e-12  -8.65876305670279e-06   1.47009811789201e-03  -8.47194431956867e-03
   8.34510349840894e-13  -6.05319919972670e-06   1.21330666140105e-03  -7.92544286445508e-03
   3.85646660513233e-13  -4.23478564160010e-06   1.00006926806823e-03  -7.37469470567329e-03
   1.78962622819176e-13  -2.96601058771512e-06   8.23529433361714e-04  -6.83020572655324e-03
   8.34595038574155e-14  -2.08057997359901e-06   6.77747064698393e-04  -6.30017431250407e-03
   3.91429592329584e-14  -1.46231305457648e-06   5.57624057108539e-04  -5.79076707986622e-03
   1.84763932270869e-14  -1.03017815267654e-06   4.58820419805477e-04  -5.30640062758339e-03
   8.78385149195459e-15  -7.27729683682968e-07   3.77667642460165e-04  -4.85001572664279e-03
   4.20893823624954e-15  -5.15681078377619e-07   3.11083940102753e-04  -4.42333464111162e-03
   2.03419270590336e-15  -3.66700040080693e-07   2.56494364434663e-04  -4.02709559627470e-03
   9.92320918929112e-16  -2.61771458577274e-07   2.11757555557479e-04  -3.66126121596514e-03
   4.88941964023405e-16  -1.87661693495105e-07   1.75099998989300e-04  -3.32519981517686e-03
   2.43505032449488e-16  -1.35153965937956e-07   1.45058012793525e-04  -3.01783992535874e-03
   1.22659119826268e-16  -9.78220779072082e-08   1.20427266890114e-04  -2.73779952505541e-03
   6.25351223781067e-17  -7.11790466037885e-08   1.00219361484923e-04  -2.48349207480608e-03
   3.22898697805881e-17  -5.20863542102402e-08   8.36248414283202e-05  -2.25321184369817e-03
   1.68969061893711e-17  -3.83440971168674e-08   6.99819524403553e-05  -2.04520113529526e-03
   8.96647031238393e-18  -2.84065771071720e-08   5.87504350096694e-05  -1.85770201287555e-03
   4.82812092465237e-18  -2.11848263383043e-08   4.94896773338978e-05  -1.68899498747858e-03
   2.63960990228168e-18  -1.59093668460625e-08   4.18405970475953e-05  -1.53742692327361e-03
   1.46609655538845e-18  -1.20347126360921e-08   3.55106826255494e-05  -1.40143017889013e-03
   8.27744182599695e-19  -9.17281475213278e-09   3.02616911024722e-05  -1.27953475789823e-03
   4.75316640456330e-19  -7.04659135176844e-09   2.58995631593351e-05  -1.17037497757857e-03
   2.77752905256631e-19  -5.45741237637906e-09   2.22661786941804e-05  -1.07269193336030e-03
   1.65253584675443e-19  -4.26229389681382e-09   1.92326326035592e-05  -9.85332822245046e-04
   1.00156743459027e-19  -3.35786028218106e-09   1.66937606802769e-05  -9.07247986938043e-04
   6.18669940505230e-20  -2.66903330156439e-09   1.45636899704380e-05  -8.37486376729074e-04
   3.89665340292297e-20  -2.14103026473889e-09   1.27722262019663e-05  -7.75189978530992e-04
   2.50365594825500e-20  -1.73368438524698e-09   1.12619232109128e-05  -7.19587640216670e-04
   1.64170583235077e-20  -1.41739941954808e-09   9.98570727013651e-06  -6.69988622318838e-04
   1.09908919023775e-20  -1.17025771219673e-09   8.90495172346175e-06  -6.25776112951274e-04
   7.51549694753338e-21  -9.75944926816694e-10   7.98791694721244e-06  -5.86400889858774e-04
   5.25086596352519e-21  -8.22254924072717e-10   7.20848624380758e-06  -5.51375251872091e-04
   3.74977132616970e-21  -7.00008214228113e-10   6.54514136029033e-06  -5.20267302473909e-04
   2.73792868716867e-21  -6.02266327284723e-10   5.98013202338045e-06  -4.92695637626784e-04
   2.04463800352585e-21  -5.23758725098295e-10   5.49880256284449e-06  -4.68324464717272e-04
   1.56210985856930e-21  -4.60462989746294e-10   5.08904582370143e-06  -4.46859163570285e-04
   1.22129840710829e-21  -4.09296004678332e-10   4.74086026234231e-06  -4.28042284502898e-04
   9.77353154419820e-22  -3.67885877229910e-10   4.44599087616677e-06  -4.11649973711012e-04
   8.00746980319609e-22  -3.34402871942347e-10   4.19763836395857e-06  -3.97488808868949e-04
   6.71796488335139e-22  -3.07433695771253e-10   3.99022396213038e-06  -3.85393023260597e-04
   5.77235826771437e-22  -2.85887829301669e-10   3.81919996189963e-06  -3.75222099307749e-04
   5.08049829541708e-22  -2.68927708092917e-10   3.68089786273432e-06  -3.66858708232958e-04
   4.58090144782812e-22  -2.55916816273324e-10   3.57240779137482e-06  -3.60206974670632e-04
   4.23185681004880e-22  -2.46381387433498e-10   3.49148410738416e-06  -3.55191042769606e-04
   4.00570847069468e-22  -2.39982552427164e-10   3.43647270596043e-06  -3.51753889013484e-04
   3.88520619255882e-22  -2.36495849774289e-10   3.40624929558103e-06  -3.49855877523678e-04
