-0.999988456752212956650444564177389696407418395159 0.00002962364449
-0.999939179814537035593278353678573012168143248015 0.0000689570728
-0.999850528859200580008603572071604213102393007398 0.000108346029
-0.999722487687944868939369171149162285305620055686 0.000147735775
-0.999555058933544735335711681236714619537112328574 0.000187120716
-0.999348248616586457331718044733671045089118995355 0.000226498589
-0.999102064693355483413606323993479237602885766262 0.00026586765
-0.998816516784947797787910008477801491726286534370 0.00030522629
-0.998491616104985662913026402190275301884441559116 0.00034457294
-0.998127375435263698445551151877132893327920159654 0.00038390601
-0.997723809115945526334323997002686665265032425987 0.00042322398
-0.997280933040936009515091429533321258356952986282 0.00046252527
-0.996798764655312821443941049424427249312170547069 0.00050180834
-0.996277322953641298486609936232275458107875581823 0.00054107164
-0.995716628478682288042391431059065964169217434785 0.00058031363
-0.995116703320271482447768149265134537372511518062 0.00061953275
-0.994477571114263291006690428710548815428104428176 0.00065872746
-0.993799257041484652380251497639635649005246764608 0.00069789623
-0.993081787826669559277719903847887263318721686384 0.00073703749
-0.992325191737357997135988706367026403136217028594 0.00077614972
-0.991529498582749882523619203009444960981038596198 0.00081523137
-0.990694739712508395424187086253808926993382363213 0.00085428089
-0.989820948015509279219262551236279655098048255789 0.00089329676
-0.988908157918533968118805296218583712157294870898 0.000932277437
-0.987956405384905181502744400989268017230809869633 0.00097122138
-0.986965727913064109359143803153551660120625385422 0.001010127058
-0.985936164535088621342634582035920413876941478019 0.001048992937
-0.984867755815152132362127162302053469182600675921 0.001087817487
-0.983760543847922890499933004719997238819254966762 0.001126599177
-0.982614572256903542930762154209326526005198105973 0.00116533648
-0.981429886192710897449350738882213074540107750786 0.001204027869
-0.980206532331295840728276039169396215232030832850 0.0012426718204
-0.978944558872103405592853875663833417255197212254 0.0012812668111
-0.977644015536173002373192430864793648735422146881 0.0013198113206
-0.976304953564178846386576917250247730042437678854 0.0013583038303
-0.974927425714410626565726197572968321644951922360 0.0013967428236
-0.973511486260694470367082240968844202116108466972 0.001435126786
-0.972057190990254268183495466640259644999329562718 0.00147345420515
-0.970564597201513427113962476200264299876572123553 0.00151172357107
-0.969033763701837129507349850370991309992837942351 0.00154993337591
-0.967464750805215176479613855944121232506804360548 0.00158808211425
-0.965857620329885500807137614040267562784049862757 0.001626168283027
-0.964212435595898437368641250606399652058515428480 0.001664190381676
-0.962529261422621842751253658628613831908901092299 0.001702146912145
-0.960808164126187158831095863011986473492290960220 0.001740036378966
-0.959049211516876518143125210344496633211988367834 0.001777857289316
-0.957252472896450991712299560733771320601089904093 0.0018156081530704
-0.955418019055420082760842665590619340006608947723 0.0018532874828659
-0.953545922270252572359095411738691781758715752814 0.0018908937941573
-0.951636256300528825668809697534044999638915049598 0.00192842560527646
-0.949689096386034669952077531224786546979901000757 0.00196588143749033
-0.947704519243796957997382249768629898035049245187 0.00200325981505954
-0.945682603065060933055010788571002646870331881678 0.00204055926529638
-0.943623427512209513783876848390452302948945056051 0.002077778318622864
-0.941527073715624620095823887180406655960569283575 0.002114915508628618
-0.939393624270490663145736783204680061877027906616 0.002151969372128652
-0.937223163233540325059461194949389979370202122071 0.0021889384492210111
-0.935015776119742756319108787948681092323156054283 0.0022258212833442892
-0.932771549898934321038789674949432765757579133318 0.0022626164213350178
-0.930490572992392022664724987306663375715792199057 0.00229932241348491784
-0.928172935269349744923293267789427709056304636038 0.00233593781359801584
-0.925818728043457445119839159438196923842196939285 0.00237246117904762275
-0.923428044069183439160803100443499820374219905403 0.0024088910708331716
-0.921000977538159919932535652489084274417547021921 0.002445226053636912572
-0.918537624075471852922529053802496252089066583364 0.0024814646958804630877
-0.916038080735889395213116607277700592050716891873 0.0025176055697812106167
-0.913502446000043986214258447679577185017142081312 0.0025536472514085660147
-0.910930819770548260731082853784432790249755119912 0.00258958832074006514738
-0.908323303368059937183563088994333888325164176644 0.00262542736171731659207
-0.905679999527289836010213276150774516955021937619 0.002661162962301793200615
-0.903001012392954185495078800269537190716463571575 0.002696793714530465322787
-0.900286447515671374457642854992314565534110772885 0.002732318214571273491745
-0.897536411847803313438611963846140665080907769290 0.0027677350627784383823353
-0.894751013739241568200900235924923942563299524599 0.0028030428637476058591865
-0.891930362933138431544508596273183041187143991344 0.00283824022637082493875622
-0.889074570561583101606381227622128412654741705915 0.00287332576389135649643408
-0.886183749141223136981695440427263408385053019058 0.002908298093958310556848338
-0.883258012568831361161372080286016521457942419896 0.002943155838681110012576408
-0.880297476116818390931842383758613941770728500688 0.0029778976246837786235670147
-0.877302256428690965527228303621378271353381247937 0.0030125220831590511567331422
-0.874272471514456255461035642808854847462598891354 0.0030470278499223035323811544
-0.871208240745972332094167179605952922588391418437 0.0030814135654653008514050061
-0.868109684852244981118476830149724892402668726071 0.003115677875009761184499334785
-0.864976925914671045250143086977006366622060152885 0.003149819428560733012034
-0.861810087362228483534775148865583931616727757383 0.0031838368809597842106893
-0.858609293966613336766310763933253297749863947561 0.0032177288919380004904712
-0.855374671837323790614351457980215957911277803509 0.00325149412616879119332700
-0.852106348416691530139537609267274002109069311481 0.0032851312533205003722403
-0.848804452474860581453820604974710908625748038223 0.003318638948108821077427345
-0.845469114104713838351968895007758352092448795480 0.003352015890349010784066218
-0.842100464716747473802275134887015151901066410327 0.0033852607650079059038798204
-0.838698637033893438238138101490058915044334400226 0.0034183722622557333308511463
-0.835263765086290248637900463947831368961529619745 0.00345134907751771697938936222
-0.831795984206002274417956176868285448156756628399 0.00348418991152547728137626159
-0.828295431021687728193623305336882424245789245305 0.003516893470368221616711799475
-0.824762243453215571483533340766244411278817706133 0.0035494584655437236602422764840
-0.821196560706231547446240227875076887172287897168 0.0035818836140090896362960098071
-0.817598523266673554742325019541707357195397648721 0.00361416763823130948046899483663
-0.813968272895236578611388907481455649700931534913 0.003646309266237590916797121645
-0.810305952621787397240911966858381364844715823416 0.003678307231665474467021920389423
-0.806611706739729283482930993599488742300100128701 0.0037101602738127274173034814520284
-0.802885680800316923944781100356455492761008570639 0.0037418671376870147764570084658784
-0.799128021606921779441676203795781599526769164773 0.00377342657405534526858826325353219
-0.795338877209248112751597280811532397701754295380 0.00380483733949329041187777262447119
-0.791518396897499911556738583701278047956739364888 0.003836098196433974744213885476525338
-0.787666731196498936390555386649451985402953612868 0.0038672079132168352654003716019797496
-0.783784031859754125335187023027330099286412231376 0.0038981652641361481747649991916629564
-0.779870451863482589130620950268758583737075979940 0.00392896902948932099217115792634780755
-0.775926145400582432264342597521627326379976162776 0.003959617995624948159684835589804180586
-0.771951267874557637508307341935153303894425508228 0.003990110954990628230473821874867023236
-0.767945975893395253258800945906304276247020653128 0.0040204467061805407609146050313807218601
-0.763910427263395124914049297427872723970273730309 0.00405062405398278103135473591341121045320
-0.759844780982952413394223770729288199826668405243 0.00408064180942645073052414064421380618297
-0.755749197236293145768691730301852753383322322334 0.004110498789828502748207639345287036246597
-0.751623837387163044805909736147301976076840822336 0.0041401938188403382304824377293235926354926
-0.747468863972469886102177309968246042510436265555 0.00416972572649415406158825679708677375695946
-0.743284440695879633276489476911734840490452880269 0.00419909334924903894633370234427426696298886
-0.739070732421366603539874845622315099093945996014 0.004228295530036816276850092898426726600939069
-0.734827905166717917758811231646958702215425159145 0.0042573311183076319774828984169548985801615813
-0.730556126096992490933501633072251399221827965837 0.00428619897007528553166082325210301094722174598
-0.726255563517934820802898972104474105120035609179 0.00431489794796230240470302085610897142976901105
-0.721926386869343834069318038777404949972257837043 0.004343426921244746086715574755718385163902994485
-0.717568766718397051506197511849720490808887151818 0.0043717847658967679899888360017170962723702137212
-0.713182874752930334973004172741491248655778214683 0.00439997036463489344563708260403330437686043208001
-0.708768883774673481111336247729961442165872463544 0.00442798260696204205462086809227924221025290347047
-0.704326967692441928235914383631043036739702453376 0.004455820389211280658759956869201534777832697328377
-0.699857301515284844663278654303167085133855158922 0.0044834826145893072078805020712815883268861314315951
-0.695360061345589868439570184284518567509053836918 0.00451096819321966380984370203613601087226601446871977
-0.690835424372144770136698843497423981165682934184 0.00453827604218567726087416535444240952072172579979474
-0.686283568863156312083416805636126189607132852321 0.004565405085573125364344209465835007020183554687845407
-0.681704674159226579084264779121810405089506137650 0.0045923542545126273569748980219297816060150250042876045
-0.677098920666287057354967037382900532663436318027 0.00461912248722175677228536863100727161994075651949532258
-0.672466489848490740067557039503234124741057067683 0.004645708729046875082058492721561806860544389052687927076
-0.667807564221062539552251911762277148046124860738 0.0046721119325046844675927175601527701127227767477126983377
-0.663122327343108287845796251160366512057365858704 0.0046983310573234980835766382929930550329678365493616897681
-0.658410963810382608907598939721117656171451427232 0.0047243650704842261885540035958112368370655176040991134655
-0.653673659248015947445426682371083302855861030703 0.004750212946261076527142037506705048552960380768110530069181
-0.648910600303201040901630996749052078706697052864 0.0047758736662619673604247247832262470074645498160679487494138
-0.644121974637839122748808024551892353203972146693 0.00480134621946865155226461733064269631332361611035352136247360
-0.639307970921146146830359876873632377398167103053 0.004826629602276550130661331768096072237339047751923222839069802
-0.634468778822219324056579790831930061291151198290 0.0048517228185342937547317771672083148563718833942143634413838920
-0.629604589002564264330559129211603142958171968503 0.00487662487958297052939582885076262460839638483010724980118521530
-0.624715593108583018130350616392718422806636189441 0.00490133480429507862142119765916328540970864794499208732305466266
-0.619801983764023313714358042504703653284496988449 0.004925851619113182142112180444880953940553378181870539996238666652
-0.614863954562389287445797308719145238016447042215 0.0049501743580882687736183603260571944669869061728540075845640987719
-0.609901700059314006249226912712407980089535285478 0.0049743020629178076275906954616620664464536689499075307638275338530
-0.604915415764894082717518027661321373760387185300 0.004998233782983505836723331333092344422501395924496118921015816026046
-0.599905298135986684881165916458241865241368189363 0.0050219685753887623915894297831515103394147215054487528327401495
-0.594871544568469244133476716097365374452030531421 0.00504550550499581774710786197726099313704988449638248400943688514
-0.589814353389462166274838263951095173660158821256 0.005068843644462597734964293199420073698023294754891774592434190336
-0.584733923849514852096942726493772667245005502975 0.0050919820742792503303545237729615805833441269540193546150828681592
-0.579630456114755335373414912897585877990952998070 0.00511491988280437383351946883753041835367233029457022544735979154975
-0.574504151259003847556756366515248142534410186634 0.00513765616630093503869938431770943322704623284517874869061143
-0.569355211255850619902785159327258016123801812203 0.0051601900289718759753493989750654382639258216872111580700308740
-0.564183838970698235152778780073489692965332082873 0.00518252058299540781872861245034906352920074722672573558650650698
-0.558990238152768842300257099739832529363463620524 0.005204646948559990579300483923955201528643882384018659717925432228
-0.553774613427076549353719095932104963553189430582 0.0052265682538989971927624804643951457934189060574048977472120721261
-0.548537170286365310378616284136076128249015398050 0.00524828363532506064495749110045507845339102944355018546967278276031
-0.543278115083012624461353590919725519554952531899 0.005269792237264102778407852760784917844766040942908107717257878294993
-0.537997655020899365585101154232896820735812242320 0.0052910932122890434397544859299765723902862539542305071326759971740471
-0.532695998147246063741625184167951228000321234207 0.00531218572115318863997810748816524464399952045784191594823617938448154
-0.527373353344415958925149993675502931013907561744 0.005333068932823296411926279930372434262942782238724978383844715884869790
-0.522029930321685150963394539444885663721110188607 0.0053537420245123190623686721064902450273182474321516160925034970384624042
-0.516665939606980169437333724056221013236903642594 0.00537420418171182052855284681540532565608312520731242671007560909356237393
-0.511281592538583289224866228180643511825087340836 0.005394454598224067562033653010066763921500636994296944211953806888767818735
-0.505877101256805918474376195671010725699576014138 0.0054144924761937934754003809795571943673411151880888482098784155903152752028
-0.500452678695630387072105619520293006110227806242 0.00543431702613963320042673161908258459084337795802258538334129733675477385527
-0.495008538574320464912258214585835457342490921766 0.005453927466985228419118847745167588077355741269838267213376175486518492003175
-0.489544895389000940510784864418737240922922137668 0.0054733230260900015421356463651658803856024304807797569911404092115865033832150
-0.484061964404206591722806856200638949261540584548 0.00549250293927959732210296393111087372788453532336041037011890374688675417808330
-0.478559961644400881529568044274678745614124354123 0.005511466450875990902438068042912582774964227261124377292533160007469039732622324
-0.473039103885464713053623298468078282418728786793 0.0055302128137272611154433830628225212453328591127238415703429088276276093238688227
-0.467499608646155579140621104437261446022796915112 0.00554874128923702785661730603424419037375218262646454923273988185307244703759442945
-0.461941694179537443012476514275623765554452655394 0.005567051147393552375365233681600456770061280908731666707915896867631317048211
-0.456365579464381687649910841661932126960758332497 0.00558514166679849933557485978973472710280266432989566397105908272801996580871670
-0.450771484196539472702211124168411059079746336471 0.005603012134695359512845911795756456795941570794597143258234073705572993637
-0.445159628780285838848590527288511956990032522700 0.00562066184699753200853525105822180963198308326663558078551635340465926466
-0.439530234319635900648666157382822631461688487811 0.00563809010831606487419313631474779976514118810448078220477462360122267851973
-0.433883522609633470019269328733689298763460157991 0.005655296231987053053424915869539809979658970809001226288468246098497201427506
-0.428219716127612453561021867195497438810767689682 0.0056722795400986925617139409115549974952295329018908542438918763801564588503955
-0.422539038024431368030807734487787984594589843153 0.00568903936351798983828554819304298876000251000753182800063891643086786135
-0.416841712115681319315399860664077906366233878951 0.005705575041917125217678011555649790509176005647486629064104899047309
-0.411127962872867791307025849735531097621134660149 0.00572188592379946948231387327505180385436770285151961638392964904292801
-0.405398015414566592113531982894087940344899235583 0.005737971366525252471033501063928137383266510083791861155790263549515418
-0.399652095497554306053992030974790975687984869762 0.0057538307363368827322615363680968685717080590017294986388439279407
-0.393890429507913600895065687691006818568407864917 0.00576946340838391722422556425695037091780958349569024307230707353989
-0.388113244452113740774101373582076825774694208402 0.005784868766747680078434303117681959048247938810694611666864005175138
-0.382320767948066656231860705751062516751262155466 0.0058000462044655294564493403312693559069807172153367353182490518333058
-0.376513228216158923740778592510349498879512199854 0.005814995123554771543849383423858998687679920766009523556501392619
-0.370690854070260008063825752633940809266272951768 0.0058297149350362207391886086279329325357044428334661202793536
-0.364853874908707121714272080644001889370287378046 0.00584420505895740510969042264383726924991382287260008883402691
-0.359002520705267056707922835486546173832814202424 0.005858464924415416199394259488674359882104859490385187215250158
-0.353137022000075344706678823026948009406692220931 0.0058724939695794022894853620372015841695883653647863753258531059
-0.347257609890553102545520827301886752181931652776 0.005886291641712704224585295157353675467771513064724668859183106000
-0.341364516022301921014202328424693506343099391615 0.005899857397194632932863650780491706108320877130340593785738844798
-0.335457972579977155630018387611853980133298799050 0.00591319070154188778194848000470241096293305871312773787902417
-0.329538212278139978988968398634163771504276664850 0.00592629102942961492676386723371285384244708280648760990121619
-0.323605468352088555119412673594773015733549773135 0.0059391578647121048196071888956605481066202595691815001340399378
-0.317659974548668697084904580962448253851395021715 0.005951790700443128066995415644711288754236568508581672879231205629
-0.311701965117064369891228776373189365820532941619 0.0059641890388959088320587620143647140622142688703339843937971565016
-0.305731674799568401546760113733788361752044616535 0.00597635239158273499554049988681127822910112069849746688632897453575
-0.299749338822333765905045809495803711753750622360 0.005988280279274204302773269245273483749656684104744064969425190722580
-0.293755192886105801683974633732506547969003545288 0.00599997223201810573834417764030642630938957143281572159041326344483930
-0.287749473156935732807001159407140933568429548785 0.006011427789157935384532813580342796250483626912950937776630595756538037
-0.281732416256875855948610823168047635223589866806 0.0060226464993510460340074424268574789425181709154218707078255455781866538
-0.275704259254656761888513711148849534112700060800 0.0060336279205864298416945389550159580064037345979943470910184845857
-0.269665239656346957986913123542990258418715105933 0.006044371620202133315194870017714829696828533828846144573267599192248
-0.263615595395995259786581203185674273223055438419 0.00605487717490230395760500409968365571923302929585314102025364394
-0.257555564826256320426360917207853672333997753378 0.00606514417077386789111582125547045739042919542266495998722
-0.251485386708999667215074709469696687429675915654 0.00607517220330283780429875521141337564108624040836875351751672
-0.245405300205902615364629019681134683447143174374 0.006084960877390250580555546454486861138667164417697098203110093
-0.239315544869027429516334990955673259339682664752 0.0060945098073677339797976470868451963996824265002333592032263233
-0.233216360631383104315094033446009735681476034465 0.00610381861701270176003652025253429066695436359912762728148
-0.227107987797472135892098025432484155800545581372 0.0061128869395631766402053432253853431813339861570278067879396
-0.220990667033822656708043938829406729393354586830 0.0061217144177322405201954770150665809834137738900079615889778
-0.214864639359506306785538274827573031994062446972 0.006130300703722111388776928902285484082860769432161032288044975
-0.208730146136642214921345166746335541100705443989 0.00613864545923784636478032904774310853911777158445329818758261326
-0.202587429060887464016391209618478791277766008962 0.006146748355500670331648088741920284979384634227740164914371032329
-0.196436730151914415193958447992208773421939863541 0.0061546090732609296402138256219985547930355127912130964600806197262
-0.190278291743875265894253514096464096497614721336 0.006162227302810670369341249087557838207795951598701334774655238519883
-0.184112356475854217636515258668465717274783016102 0.0061696027439958406488459151919406060107776882012757431324221770
-0.177939167282307629627995539580355227100693553314 0.00617673510622811656393500167249942141960480391601803696585715444
-0.171758967383492534872498895304904206793742016048 0.0061836241084963511752309369418860244230856758736134026885441862113
-0.165572000275883895889677981552279090087901463464 0.00619026947937764620329375747900967453374699812112474014130175511761
-0.159378509722580977599934825093183732973593794566 0.006196670957048045941423881093626287706007844863715820856661711
-0.153178739743703215358555669251683438943283714841 0.00620282828929285297541098325354609353876051964702220820919771156
-0.146972934606775956536592557276750961525040930700 0.006208741233516565303795263641582648623464390276200298354610886568
-0.140761338817106454444981516003834545865971224566 0.0062144095567524344671240032797370074181832862019097039145689926810
-0.134544197108150493782439543503672374481331194115 0.006219833035671644309618351218701638092153776530223332945416499575134
-0.128321754431870027156795439400242955174415325049 0.0062250114565921100116121556315907851042277342333459803058044350943263
-0.122094255949082202583568302442534818024114326104 0.00622994461548689704608577827709002154792674422826272286347227822117365
-0.115861947019800162204798303132613694514714910914 0.0062346323179922597275926142526371274586682997768398855332994452744616760
-0.109625073193565992795343755869564372167642231270 0.00623907437941529903686389074814249724105481080704392801206946419894011914
-0.103383880199776208933073791543720803887039462690 0.0062432706247412394193776486254047883193247944018155551536750124833978744431
-0.097138613938000150003594884944166438038870029657 0.00624722088864032427119002808625985483560772730003489013906101718358599963707
-0.090889520468291672489340530098488197450621303093 0.006250925015474329840350492983606075527375697249910525284079601671538939617489
-0.084636846001494519257015480815449610943891971576 0.00625438285930269728725684555858322312443063240107210784696821073878085120179355
-0.078380836889541747806508775444922940430916227487 0.006257594283888282662350212217300407405050555303963509099163682089814083723221865
-0.072121739615749599678463428939641218734490677026 0.0062605591627027245746040286560627995718265280842486799233067081302316520646030477
-0.065859800785106193436705979359720275472889772481 0.006263277378931429339323826094346512369160372367825416087955983326905890
-0.059595267114555423845687390951600954235106747724 0.0062657488254781734088457261173606778316176551005773833218881057158773464
-0.053328385423276450051960106434808464655555986834 0.006267973404969322904800395874084784368170240467833105576244558836411392905
-0.047059402622959155752506865664722453179345570979 0.0062699510297576700856952040263745263756356760877226114656231720506962337881
-0.040788565708075964491438419167935142811284227816 0.006271681621925886598659856522729396869653603529113447074723472290476206233663
-0.034516121746150393370183210437663453365270783298 0.0062731651132895933792992853411155617337543641776693549994008420268066963558345
-0.028242317868022728584796822353788812732022994289 0.00627440144540004707870141793864571946260134925241689754869048127681533780921988
-0.021967401258113206317417417656913322649035020986 0.0062753905695464429117560751804872490388747675327127121757683692626843660395201475
-0.015691619144683082607181083237132933431330320447 0.00627613244675783383605403572685279625870260425460685534941847170008831774482
-0.009415218790093975909084040628201782917817839520 0.0062766270478046659857516698017330105015909733525860718003281352433053189096945
-0.003138447481065866117333833564545898741057319239 0.006276874353199930299905889375692266215224488215162719399739085188857986062114257
0.0031384474810658661173338335645458987410573192391 0.006276874353199930299905889375692266215224488215162719399739085188857986062114257
0.0094152187900939759090840406282017829178178395202 0.0062766270478046659857516698017330105015909733525860718003281352433053189096945
0.0156916191446830826071810832371329334313303204476 0.00627613244675783383605403572685279625870260425460685534941847170008831774482
0.0219674012581132063174174176569133226490350209867 0.0062753905695464429117560751804872490388747675327127121757683692626843660395
0.0282423178680227285847968223537888127320229942898 0.00627440144540004707870141793864571946260134925241689754869048127681533780
0.0345161217461503933701832104376634533652707832986 0.0062731651132895933792992853411155617337543641776693549994008420268066963
0.0407885657080759644914384191679351428112842278166 0.006271681621925886598659856522729396869653603529113447074723472290476206
0.0470594026229591557525068656647224531793455709790 0.0062699510297576700856952040263745263756356760877226114656231720506962337881
0.0533283854232764500519601064348084646555559868348 0.006267973404969322904800395874084784368170240467833105576244558836411392905
0.0595952671145554238456873909516009542351067477246 0.0062657488254781734088457261173606778316176551005773833218881057158773464724609443025
0.0658598007851061934367059793597202754728897724813 0.006263277378931429339323826094346512369160372367825416087955983326905890641246920518
0.0721217396157495996784634289396412187344906770260 0.0062605591627027245746040286560627995718265280842486799233067081302316520646030477
0.0783808368895417478065087754449229404309162274874 0.006257594283888282662350212217300407405050555303963509099163682089814083723221865
0.0846368460014945192570154808154496109438919715763 0.00625438285930269728725684555858322312443063240107210784696821073878085120179355
0.0908895204682916724893405300984881974506213030930 0.006250925015474329840350492983606075527375697249910525284079601671538939617489
0.0971386139380001500035948849441664380388700296579 0.00624722088864032427119002808625985483560772730003489013906101718358599963707
0.1033838801997762089330737915437208038870394626908 0.0062432706247412394193776486254047883193247944018155551536750124833978744431
0.1096250731935659927953437558695643721676422312707 0.00623907437941529903686389074814249724105481080704392801206946419894011914
0.1158619470198001622047983031326136945147149109143 0.0062346323179922597275926142526371274586682997768398855332994452744616760
0.1220942559490822025835683024425348180241143261049 0.00622994461548689704608577827709002154792674422826272286347227822117365
0.1283217544318700271567954394002429551744153250497 0.0062250114565921100116121556315907851042277342333459803058044350943263
0.1345441971081504937824395435036723744813311941152 0.006219833035671644309618351218701638092153776530223332945416499575134
0.1407613388171064544449815160038345458659712245661 0.0062144095567524344671240032797370074181832862019097039145689926810
0.1469729346067759565365925572767509615250409307002 0.006208741233516565303795263641582648623464390276200298354610886568599472
0.1531787397437032153585556692516834389432837148417 0.00620282828929285297541098325354609353876051964702220820919771156470548643043
0.1593785097225809775999348250931837329735937945660 0.006196670957048045941423881093626287706007844863715820856661711997906387557
0.1655720002758838958896779815522790900879014634645 0.00619026947937764620329375747900967453374699812112474014130175511761048207
0.1717589673834925348724988953049042067937420160485 0.0061836241084963511752309369418860244230856758736134026885441862113559178
0.1779391672823076296279955395803552271006935533145 0.00617673510622811656393500167249942141960480391601803696585715444964222
0.1841123564758542176365152586684657172747830161026 0.0061696027439958406488459151919406060107776882012757431324221770010519
0.1902782917438752658942535140964640964976147213361 0.006162227302810670369341249087557838207795951598701334774655238519883
0.1964367301519144151939584479922087734219398635414 0.0061546090732609296402138256219985547930355127912130964600806197262654378
0.2025874290608874640163912096184787912777660089624 0.006146748355500670331648088741920284979384634227740164914371032329158953
0.2087301461366422149213451667463355411007054439892 0.00613864545923784636478032904774310853911777158445329818758261326433576
0.2148646393595063067855382748275730319940624469728 0.006130300703722111388776928902285484082860769432161032288044975462736649805
0.2209906670338226567080439388294067293933545868309 0.0061217144177322405201954770150665809834137738900079615889778266449850870
0.2271079877974721358920980254324841558005455813726 0.0061128869395631766402053432253853431813339861570278067879396090809622308
0.2332163606313831043150940334460097356814760344654 0.00610381861701270176003652025253429066695436359912762728148851965288681
0.2393155448690274295163349909556732593396826647520 0.0060945098073677339797976470868451963996824265002333592032263233472868615041
0.2454053002059026153646290196811346834471431743742 0.006084960877390250580555546454486861138667164417697098203110093352144241382530217
0.2514853867089996672150747094696966874296759156540 0.00607517220330283780429875521141337564108624040836875351751672916248304496828890
0.2575555648262563204263609172078536723339977533789 0.00606514417077386789111582125547045739042919542266495998722938915878975959329
0.2636155953959952597865812031856742732230554384196 0.00605487717490230395760500409968365571923302929585314102025364394768975974589
0.2696652396563469579869131235429902584187151059331 0.006044371620202133315194870017714829696828533828846144573267599192248703851
0.2757042592546567618885137111488495341127000608004 0.0060336279205864298416945389550159580064037345979943470910184845857087083
0.2817324162568758559486108231680476352235898668067 0.0060226464993510460340074424268574789425181709154218707078255455781866538988515
0.2877494731569357328070011594071409335684295487858 0.006011427789157935384532813580342796250483626912950937776630595756538037337960
0.2937551928861058016839746337325065479690035452888 0.00599997223201810573834417764030642630938957143281572159041326344483930528663
0.2997493388223337659050458094958037117537506223609 0.005988280279274204302773269245273483749656684104744064969425190722580616145
0.3057316747995684015467601137337883617520446165358 0.00597635239158273499554049988681127822910112069849746688632897453575742839
0.3117019651170643698912287763731893658205329416196 0.0059641890388959088320587620143647140622142688703339843937971565016747783
0.3176599745486686970849045809624482538513950217153 0.005951790700443128066995415644711288754236568508581672879231205629903377
0.3236054683520885551194126735947730157335497731350 0.0059391578647121048196071888956605481066202595691815001340399378717468
0.3295382122781399789889683986341637715042766648507 0.00592629102942961492676386723371285384244708280648760990121619231071
0.3354579725799771556300183876118539801332987990502 0.00591319070154188778194848000470241096293305871312773787902417595913
0.3413645160223019210142023284246935063430993916154 0.005899857397194632932863650780491706108320877130340593785738844798374074
0.3472576098905531025455208273018867521819316527767 0.005886291641712704224585295157353675467771513064724668859183106000480304
0.3531370220000753447066788230269480094066922209312 0.0058724939695794022894853620372015841695883653647863753258531059970116543404
0.3590025207052670567079228354865461738328142024243 0.005858464924415416199394259488674359882104859490385187215250158567145702886010537
0.3648538749087071217142720806440018893702873780469 0.00584420505895740510969042264383726924991382287260008883402691715082876602100962
0.3706908540702600080638257526339408092662729517687 0.0058297149350362207391886086279329325357044428334661202793536787229888661240169
0.3765132282161589237407785925103494988795121998547 0.005814995123554771543849383423858998687679920766009523556501392619775744197859
0.3823207679480666562318607057510625167512621554665 0.0058000462044655294564493403312693559069807172153367353182490518333058000867602050
0.3881132444521137407741013735820768257746942084024 0.005784868766747680078434303117681959048247938810694611666864005175138783124625811
0.3938904295079136008950656876910068185684078649178 0.00576946340838391722422556425695037091780958349569024307230707353989429582441212
0.3996520954975543060539920309747909756879848697626 0.0057538307363368827322615363680968685717080590017294986388439279407328911800553
0.4053980154145665921135319828940879403448992355831 0.005737971366525252471033501063928137383266510083791861155790263549515418376843
0.4111279628728677913070258497355310976211346601492 0.00572188592379946948231387327505180385436770285151961638392964904292801457226
0.4168417121156813193153998606640779063662338789510 0.005705575041917125217678011555649790509176005647486629064104899047309100783
0.4225390380244313680308077344877879845945898431533 0.00568903936351798983828554819304298876000251000753182800063891643086786135
0.4282197161276124535610218671954974388107676896823 0.0056722795400986925617139409115549974952295329018908542438918763801564588503955
0.4338835226096334700192693287336892987634601579918 0.005655296231987053053424915869539809979658970809001226288468246098497201427506
0.4395302343196359006486661573828226314616884878111 0.00563809010831606487419313631474779976514118810448078220477462360122267851973
0.4451596287802858388485905272885119569900325227006 0.00562066184699753200853525105822180963198308326663558078551635340465926466
0.4507714841965394727022111241684110590797463364712 0.005603012134695359512845911795756456795941570794597143258234073705572993637
0.4563655794643816876499108416619321269607583324979 0.00558514166679849933557485978973472710280266432989566397105908272801996580
0.4619416941795374430124765142756237655544526553943 0.005567051147393552375365233681600456770061280908731666707915896867631317
0.4674996086461555791406211044372614460227969151124 0.00554874128923702785661730603424419037375218262646454923273988185307244
0.4730391038854647130536232984680782824187287867933 0.0055302128137272611154433830628225212453328591127238415703429088276276
0.4785599616444008815295680442746787456141243541236 0.005511466450875990902438068042912582774964227261124377292533160007469
0.4840619644042065917228068562006389492615405845484 0.00549250293927959732210296393111087372788453532336041037011890374688675417
0.4895448953890009405107848644187372409229221376681 0.0054733230260900015421356463651658803856024304807797569911404092115865033
0.4950085385743204649122582145858354573424909217666 0.005453927466985228419118847745167588077355741269838267213376175486518492
0.5004526786956303870721056195202930061102278062425 0.00543431702613963320042673161908258459084337795802258538334129733675477
0.5058771012568059184743761956710107256995760141384 0.0054144924761937934754003809795571943673411151880888482098784155903152
0.5112815925385832892248662281806435118250873408363 0.005394454598224067562033653010066763921500636994296944211953806888767
0.5166659396069801694373337240562210132369036425943 0.00537420418171182052855284681540532565608312520731242671007560909356
0.5220299303216851509633945394448856637211101886076 0.0053537420245123190623686721064902450273182474321516160925034970384
0.5273733533444159589251499936755029310139075617442 0.005333068932823296411926279930372434262942782238724978383844715884
0.5326959981472460637416251841679512280003212342076 0.00531218572115318863997810748816524464399952045784191594823617938
0.5379976550208993655851011542328968207358122423204 0.0052910932122890434397544859299765723902862539542305071326759971
0.5432781150830126244613535909197255195549525318997 0.005269792237264102778407852760784917844766040942908107717257878
0.5485371702863653103786162841360761282490153980503 0.00524828363532506064495749110045507845339102944355018546967278
0.5537746134270765493537190959321049635531894305829 0.0052265682538989971927624804643951457934189060574048977472120
0.5589902381527688423002570997398325293634636205247 0.005204646948559990579300483923955201528643882384018659717925
0.5641838389706982351527787800734896929653320828733 0.00518252058299540781872861245034906352920074722672573558650
0.5693552112558506199027851593272580161238018122038 0.0051601900289718759753493989750654382639258216872111580700
0.5745041512590038475567563665152481425344101866343 0.00513765616630093503869938431770943322704623284517874869061143
0.5796304561147553353734149128975858779909529980707 0.00511491988280437383351946883753041835367233029457022544735979
0.5847339238495148520969427264937726672450055029757 0.0050919820742792503303545237729615805833441269540193546150828
0.5898143533894621662748382639510951736601588212568 0.005068843644462597734964293199420073698023294754891774592434
0.5948715445684692441334767160973653744520305314213 0.00504550550499581774710786197726099313704988449638248400943
0.5999052981359866848811659164582418652413681893633 0.0050219685753887623915894297831515103394147215054487528327401495
0.6049154157648940827175180276613213737603871853009 0.004998233782983505836723331333092344422501395924496118921015816
0.6099017000593140062492269127124079800895352854783 0.0049743020629178076275906954616620664464536689499075307638275
0.6148639545623892874457973087191452380164470422154 0.0049501743580882687736183603260571944669869061728540075845640
0.6198019837640233137143580425047036532844969884497 0.004925851619113182142112180444880953940553378181870539996238
0.6247155931085830181303506163927184228066361894415 0.00490133480429507862142119765916328540970864794499208732305
0.6296045890025642643305591292116031429581719685039 0.00487662487958297052939582885076262460839638483010724980118
0.6344687788222193240565797908319300612911511982908 0.0048517228185342937547317771672083148563718833942143634413
0.6393079709211461468303598768736323773981671030534 0.004826629602276550130661331768096072237339047751923222839
0.6441219746378391227488080245518923532039721466938 0.00480134621946865155226461733064269631332361611035352136
0.6489106003032010409016309967490520787066970528643 0.0047758736662619673604247247832262470074645498160679487
0.6536736592480159474454266823710833028558610307032 0.004750212946261076527142037506705048552960380768110530
0.6584109638103826089075989397211176561714514272320 0.0047243650704842261885540035958112368370655176040991
0.6631223273431082878457962511603665120573658587043 0.0046983310573234980835766382929930550329678365493616
0.6678075642210625395522519117622771480461248607382 0.0046721119325046844675927175601527701127227767477126
0.6724664898484907400675570395032341247410570676832 0.004645708729046875082058492721561806860544389052687
0.6770989206662870573549670373829005326634363180272 0.00461912248722175677228536863100727161994075651949
0.6817046741592265790842647791218104050895061376505 0.0045923542545126273569748980219297816060150250042
0.6862835688631563120834168056361261896071328523212 0.004565405085573125364344209465835007020183554687
0.6908354243721447701366988434974239811656829341848 0.00453827604218567726087416535444240952072172579
0.6953600613455898684395701842845185675090538369187 0.00451096819321966380984370203613601087226601446
0.6998573015152848446632786543031670851338551589221 0.0044834826145893072078805020712815883268861314
0.7043269676924419282359143836310430367397024533768 0.004455820389211280658759956869201534777832697
0.7087688837746734811113362477299614421658724635445 0.00442798260696204205462086809227924221025290347047
0.7131828747529303349730041727414912486557782146832 0.00439997036463489344563708260403330437686043208001
0.7175687667183970515061975118497204908088871518185 0.0043717847658967679899888360017170962723702137212
0.7219263868693438340693180387774049499722578370430 0.004343426921244746086715574755718385163902994485
0.7262555635179348208028989721044741051200356091799 0.00431489794796230240470302085610897142976901105
0.7305561260969924909335016330722513992218279658377 0.00428619897007528553166082325210301094722174598
0.7348279051667179177588112316469587022154251591455 0.0042573311183076319774828984169548985801615813
0.7390707324213666035398748456223150990939459960145 0.004228295530036816276850092898426726600939069
0.7432844406958796332764894769117348404904528802697 0.00419909334924903894633370234427426696298886
0.7474688639724698861021773099682460425104362655558 0.00416972572649415406158825679708677375695946
0.7516238373871630448059097361473019760768408223367 0.0041401938188403382304824377293235926354926
0.7557491972362931457686917303018527533833223223342 0.004110498789828502748207639345287036246597
0.7598447809829524133942237707292881998266684052435 0.00408064180942645073052414064421380618297
0.7639104272633951249140492974278727239702737303098 0.00405062405398278103135473591341121045320
0.7679459758933952532588009459063042762470206531285 0.0040204467061805407609146050313807218601
0.7719512678745576375083073419351533038944255082286 0.003990110954990628230473821874867023236
0.7759261454005824322643425975216273263799761627768 0.003959617995624948159684835589804180586
0.7798704518634825891306209502687585837370759799404 0.00392896902948932099217115792634780755
0.7837840318597541253351870230273300992864122313766 0.0038981652641361481747649991916629564
0.7876667311964989363905553866494519854029536128683 0.0038672079132168352654003716019797496
0.7915183968974999115567385837012780479567393648889 0.003836098196433974744213885476525338
0.7953388772092481127515972808115323977017542953809 0.00380483733949329041187777262447119
0.7991280216069217794416762037957815995267691647732 0.00377342657405534526858826325353219
0.8028856808003169239447811003564554927610085706392 0.0037418671376870147764570084658784
0.8066117067397292834829309935994887423001001287014 0.0037101602738127274173034814520284556398
0.8103059526217873972409119668583813648447158234162 0.003678307231665474467021920389423663647
0.8139682728952365786113889074814556497009315349136 0.003646309266237590916797121645757286
0.8175985232666735547423250195417073571953976487216 0.00361416763823130948046899483663352244
0.8211965607062315474462402278750768871722878971683 0.0035818836140090896362960098071372632
0.8247622434532155714835333407662444112788177061336 0.0035494584655437236602422764840178624
0.8282954310216877281936233053368824242457892453054 0.003516893470368221616711799475046288
0.8317959842060022744179561768682854481567566283995 0.00348418991152547728137626159147467
0.8352637650862902486379004639478313689615296197453 0.00345134907751771697938936222932663
0.8386986370338934382381381014900589150443344002261 0.0034183722622557333308511463020237
0.8421004647167474738022751348870151519010664103273 0.0033852607650079059038798204352133
0.8454691141047138383519688950077583520924487954809 0.003352015890349010784066218410727
0.8488044524748605814538206049747109086257480382232 0.003318638948108821077427345963909
0.8521063484166915301395376092672740021090693114812 0.0032851312533205003722403570336
0.8553746718373237906143514579802159579112778035095 0.00325149412616879119332700098961
0.8586092939666133367663107639332532977498639475615 0.0032177288919380004904712147753
0.8618100873622284835347751488655839316167277573836 0.0031838368809597842106893780457
0.8649769259146710452501430869770063666220601528855 0.003149819428560733012034160393
0.8681096848522449811184768301497248924026687260717 0.003115677875009761184499334785
0.8712082407459723320941671796059529225883914184376 0.0030814135654653008514050061
0.8742724715144562554610356428088548474625988913543 0.0030470278499223035323811544
0.8773022564286909655272283036213782713533812479376 0.0030125220831590511567331422
0.8802974761168183909318423837586139417707285006888 0.0029778976246837786235670147
0.8832580125688313611613720802860165214579424198965 0.002943155838681110012576408
0.8861837491412231369816954404272634083850530190585 0.002908298093958310556848338
0.8890745705615831016063812276221284126547417059152 0.00287332576389135649643408
0.8919303629331384315445085962731830411871439913441 0.00283824022637082493875622
0.8947510137392415682009002359249239425632995245999 0.0028030428637476058591865
0.8975364118478033134386119638461406650809077692906 0.0027677350627784383823353
0.9002864475156713744576428549923145655341107728857 0.002732318214571273491745
0.9030010123929541854950788002695371907164635715757 0.002696793714530465322787
0.9056799995272898360102132761507745169550219376193 0.002661162962301793200615
0.9083233033680599371835630889943338883251641766448 0.00262542736171731659207
0.9109308197705482607310828537844327902497551199122 0.00258958832074006514738
0.9135024460000439862142584476795771850171420813121 0.0025536472514085660147
0.9160380807358893952131166072777005920507168918737 0.0025176055697812106167
0.9185376240754718529225290538024962520890665833646 0.0024814646958804630877
0.9210009775381599199325356524890842744175470219215 0.002445226053636912572
0.9234280440691834391608031004434998203742199054036 0.0024088910708331716
0.9258187280434574451198391594381969238421969392854 0.00237246117904762275
0.9281729352693497449232932677894277090563046360386 0.00233593781359801584
0.9304905729923920226647249873066633757157921990577 0.00229932241348491784
0.9327715498989343210387896749494327657575791333183 0.0022626164213350178
0.9350157761197427563191087879486810923231560542832 0.0022258212833442892
0.9372231632335403250594611949493899793702021220710 0.0021889384492210111
0.9393936242704906631457367832046800618770279066160 0.002151969372128652
0.9415270737156246200958238871804066559605692835753 0.002114915508628618
0.9436234275122095137838768483904523029489450560511 0.002077778318622864
0.9456826030650609330550107885710026468703318816784 0.00204055926529638
0.9477045192437969579973822497686298980350492451879 0.00200325981505954
0.9496890963860346699520775312247865469799010007578 0.00196588143749033
0.9516362563005288256688096975340449996389150495985 0.00192842560527646
0.9535459222702525723590954117386917817587157528145 0.0018908937941573
0.9554180190554200827608426655906193400066089477231 0.0018532874828659
0.9572524728964509917122995607337713206010899040937 0.0018156081530704
0.9590492115168765181431252103444966332119883678341 0.001777857289316
0.9608081641261871588310958630119864734922909602208 0.001740036378966
0.9625292614226218427512536586286138319089010922995 0.001702146912145
0.9642124355958984373686412506063996520585154284801 0.001664190381676
0.9658576203298855008071376140402675627840498627576 0.001626168283027
0.9674647508052151764796138559441212325068043605488 0.00158808211425
0.9690337637018371295073498503709913099928379423510 0.00154993337591
0.9705645972015134271139624762002642998765721235533 0.00151172357107
0.9720571909902542681834954666402596449993295627187 0.00147345420515
0.9735114862606944703670822409688442021161084669725 0.001435126786
0.9749274257144106265657261975729683216449519223600 0.0013967428236
0.9763049535641788463865769172502477300424376788549 0.0013583038303
0.9776440155361730023731924308647936487354221468814 0.0013198113206
0.9789445588721034055928538756638334172551972122543 0.0012812668111
0.9802065323312958407282760391693962152320308328501 0.0012426718204
0.9814298861927108974493507388822130745401077507861 0.001204027869
0.9826145722569035429307621542093265260051981059736 0.00116533648
0.9837605438479228904999330047199972388192549667627 0.001126599177
0.9848677558151521323621271623020534691826006759212 0.001087817487
0.9859361645350886213426345820359204138769414780196 0.001048992937
0.9869657279130641093591438031535516601206253854229 0.001010127058
0.9879564053849051815027444009892680172308098696332 0.00097122138
0.9889081579185339681188052962185837121572948708984 0.000932277437
0.9898209480155092792192625512362796550980482557897 0.00089329676
0.9906947397125083954241870862538089269933823632136 0.00085428089
0.9915294985827498825236192030094449609810385961984 0.00081523137
0.9923251917373579971359887063670264031362170285947 0.00077614972
0.9930817878266695592777199038478872633187216863845 0.00073703749
0.9937992570414846523802514976396356490052467646085 0.00069789623
0.9944775711142632910066904287105488154281044281765 0.00065872746
0.9951167033202714824477681492651345373725115180624 0.00061953275
0.9957166284786822880423914310590659641692174347859 0.00058031363
0.9962773229536412984866099362322754581078755818233 0.00054107164
0.9967987646553128214439410494244272493121705470693 0.00050180834
0.9972809330409360095150914295333212583569529862826 0.00046252527
0.9977238091159455263343239970026866652650324259876 0.00042322398
0.9981273754352636984455511518771328933279201596546 0.00038390601
0.9984916161049856629130264021902753018844415591160 0.00034457294
0.9988165167849477977879100084778014917262865343700 0.00030522629
0.9991020646933554834136063239934792376028857662622 0.00026586765
0.9993482486165864573317180447336710450891189953557 0.000226498589
0.9995550589335447353357116812367146195371123285746 0.000187120716
0.9997224876879448689393691711491622853056200556868 0.000147735775
0.9998505288592005800086035720716042131023930073983 0.000108346029
0.9999391798145370355932783536785730121681432480152 0.0000689570728
0.9999884567522129566504445641773896964074183951595 0.00002962364449
