   8.99353782039647e-04
   4.73767691629057e-03
   1.16391776090197e-02
   2.15986474137670e-02
   3.46065431145282e-02
   5.06501996946804e-02
   6.97139563148448e-02
   9.17791921270452e-02
   1.16824350464971e-01
   1.44824961777601e-01
   1.75753667505313e-01
   2.09580248354213e-01
   2.46271653198787e-01
   2.85792031440312e-01
   3.28102768821003e-01
   3.73162524180654e-01
   4.20927270297340e-01
   4.71350336927236e-01
   5.24382456671872e-01
   5.79971812730336e-01
   6.38064089164764e-01
   6.98602525564045e-01
   7.61527970136743e-01
   8.26778939715513e-01
   8.94291678504882e-01
   9.64000220913106e-01
   1.03583645595482e+00
   1.10973019322448e+00
   1.18560923232556e+00
   1.26339943324223e+00
   1.34302478796767e+00
   1.42440749590230e+00
   1.50746803956614e+00
   1.59212526156785e+00
   1.67829644440118e+00
   1.76589739181222e+00
   1.85484251016664e+00
   1.94504489264439e+00
   2.03641640343437e+00
   2.12886776538487e+00
   2.22230864545489e+00
   2.31664774362120e+00
   2.41179288335624e+00
   2.50765109896435e+00
   2.60412872951544e+00
   2.70113150775203e+00
   2.79856465370871e+00
   2.89633296735773e+00
   2.99434092050056e+00
   3.09249275095285e+00
   3.19069255622673e+00
   3.28884438667903e+00
   3.38685233982186e+00
   3.48462065347087e+00
   3.58205379942755e+00
   3.67905657766414e+00
   3.77553420821524e+00
   3.87139242382335e+00
   3.96653756355839e+00
   4.06087666172470e+00
   4.15431754179471e+00
   4.24676890374521e+00
   4.33814041453519e+00
   4.42834279701295e+00
   4.51728791536737e+00
   4.60488886277841e+00
   4.69106004561174e+00
   4.77571726761345e+00
   4.85877781127728e+00
   4.94016051921191e+00
   5.01978587393736e+00
   5.09757607485403e+00
   5.17345511395511e+00
   5.24734885122477e+00
   5.31918508626648e+00
   5.38889362867470e+00
   5.45640636746407e+00
   5.52165733704284e+00
   5.58458278161554e+00
   5.64512121801482e+00
   5.70321349444925e+00
   5.75880285050772e+00
   5.81183497025235e+00
   5.86225803688225e+00
   5.91002278299893e+00
   5.95508253835858e+00
   5.99739327573927e+00
   6.03691365398080e+00
   6.07360505882537e+00
   6.10743163967427e+00
   6.13836034540198e+00
   6.16636095671462e+00
   6.19140611505254e+00
   6.21347135086474e+00
   6.23253510748491e+00
   6.24857876406506e+00
   6.26158665976582e+00
   6.27154612957057e+00
   6.27844763026330e+00
   6.28228595339755e+00
