   1.43136600000027e-03
   7.54024700000056e-03
   1.85243264999997e-02
   3.43753150000001e-02
   5.50780240000002e-02
   8.06122965000000e-02
   1.10953207500001e-01
   1.46071121000000e-01
   1.85931728500000e-01
   2.30496085500000e-01
   2.79720649500000e-01
   3.33557325000000e-01
   3.91953509500000e-01
   4.54852145000000e-01
   5.22191775000000e-01
   5.93906603000000e-01
   6.69926557500000e-01
   7.50177360500000e-01
   8.34580600500000e-01
   9.23053808500000e-01
   1.01551053800000e+00
   1.11186045200000e+00
   1.21200940750000e+00
   1.31585955100000e+00
   1.42330941200000e+00
   1.53425400300000e+00
   1.64858492200000e+00
   1.76619045750000e+00
   1.88695569900000e+00
   2.01076264900000e+00
   2.13749033700000e+00
   2.26701493950000e+00
   2.39920990050000e+00
   2.53394605400000e+00
   2.67109175100000e+00
   2.81051298900000e+00
   2.95207354150000e+00
   3.09563509200000e+00
   3.24105736800000e+00
   3.38819828050000e+00
   3.53691406000000e+00
   3.68705939800000e+00
   3.83848759100000e+00
   3.99105067950000e+00
   4.14459959750000e+00
   4.29898431400000e+00
   4.45405398200000e+00
   4.60965708595000e+00
   4.76564158800000e+00
   4.92185507790000e+00
   5.07814492210000e+00
   5.23435841200000e+00
   5.39034291405000e+00
   5.54594601800000e+00
   5.70101568600000e+00
   5.85540040250000e+00
   6.00894932050000e+00
   6.16151240900000e+00
   6.31294060200000e+00
   6.46308594000000e+00
   6.61180171950000e+00
   6.75894263200000e+00
   6.90436490800000e+00
   7.04792645850000e+00
   7.18948701100000e+00
   7.32890824900000e+00
   7.46605394600000e+00
   7.60079009950000e+00
   7.73298506050000e+00
   7.86250966300000e+00
   7.98923735100000e+00
   8.11304430100000e+00
   8.23380954250000e+00
   8.35141507800000e+00
   8.46574599700000e+00
   8.57669058800000e+00
   8.68414044900000e+00
   8.78799059250000e+00
   8.88813954800000e+00
   8.98448946200000e+00
   9.07694619150000e+00
   9.16541939950000e+00
   9.24982263950000e+00
   9.33007344250000e+00
   9.40609339700000e+00
   9.47780822500000e+00
   9.54514785500000e+00
   9.60804649050000e+00
   9.66644267500000e+00
   9.72027935050000e+00
   9.76950391450000e+00
   9.81406827150000e+00
   9.85392887900000e+00
   9.88904679250000e+00
   9.91938770350000e+00
   9.94492197600000e+00
   9.96562468500000e+00
   9.98147567350000e+00
   9.99245975300000e+00
   9.99856863400000e+00
