   7.02064204118639e-01
   6.80944260764584e-01
   6.44554935540022e-01
   5.95442670941730e-01
   5.36889107093319e-01
   4.72538963610737e-01
   4.06025372382547e-01
   3.40639959994217e-01
   2.79086856279174e-01
   2.23341337181794e-01
   1.74614107865232e-01
   1.33405727014363e-01
   9.96251000326943e-02
   7.27421476178885e-02
   5.19469400354752e-02
   3.62938633660259e-02
   2.48174963200719e-02
   1.66148169767410e-02
   1.08947245539738e-02
   7.00001748004979e-03
   4.40891663685504e-03
   2.72339544918558e-03
   1.65059305598286e-03
   9.82047043178677e-04
   5.73862549982872e-04
   3.29529853637733e-04
   1.86049423783888e-04
   1.03335882740014e-04
   5.64953578417678e-05
   3.04207129270069e-05
   1.61429800393367e-05
   8.44743014434644e-06
   4.36181155435072e-06
   2.22377610183330e-06
   1.12016748318392e-06
   5.57870748292951e-07
   2.74877223827876e-07
   1.34090746933649e-07
   6.48064675771095e-08
   3.10531683728258e-08
   1.47629689403708e-08
   6.96846699091397e-09
   3.26824875220398e-09
   1.52415300493872e-09
   7.07296204713802e-10
   3.26858042435983e-10
   1.50532290448211e-10
   6.91419816779472e-11
   3.16975561752662e-11
   1.45148481546181e-11
   6.64405795850596e-12
   3.04242673677937e-12
   1.39477478165707e-12
   6.40643227516518e-13
   2.95043963671427e-13
   1.36346684395427e-13
   6.32728420871848e-14
   2.95073905660217e-14
   1.38391259546667e-14
   6.53239147137119e-15
   3.10556047744833e-15
   1.48808438422370e-15
   7.19195728292240e-16
   3.50838425444021e-16
   1.72867089183809e-16
   8.60920298490415e-17
   4.33665477017637e-17
   2.21095045479449e-17
   1.14161929427422e-17
   5.97395847378862e-18
   3.17012598059727e-18
   1.70699852310518e-18
   9.33243030795268e-19
   5.18343408094704e-19
   2.92651762301980e-19
   1.68049809838740e-19
   9.82004814006143e-20
   5.84259651696956e-20
   3.54107562407197e-20
   2.18732855123763e-20
   1.37767502257023e-20
   8.85176049384572e-21
   5.80430663384366e-21
   3.88586709772972e-21
   2.65712942779382e-21
   1.85646146495515e-21
   1.32574436631673e-21
   9.68003970551073e-22
   7.22888698682427e-22
   5.52289236976355e-22
   4.31794192759302e-22
   3.45546521552159e-22
   2.83106809899323e-22
   2.37515926239543e-22
   2.04083683726953e-22
   1.79622739824806e-22
   1.61959323885327e-22
   1.49618732369799e-22
   1.41623181154230e-22
   1.37362782253316e-22
