   2.48215586766784e-01
   2.40706836049936e-01
   2.27632534454870e-01
   2.09697379142513e-01
   1.87845449138408e-01
   1.63182852378004e-01
   1.36893320330172e-01
   1.10153273583167e-01
   8.40542176923365e-02
   5.95390367914480e-02
   3.73566785391386e-02
   1.80373138535872e-02
   1.88768012989099e-03
  -1.09957331365021e-02
  -2.06994818805756e-02
  -2.74565973187348e-02
  -3.16054599767616e-02
  -3.35485196893751e-02
  -3.37144422420610e-02
  -3.25262089181589e-02
  -3.03765853311876e-02
  -2.76113560330890e-02
  -2.45198937458005e-02
  -2.13320474601560e-02
  -1.82200022714256e-02
  -1.53036568706968e-02
  -1.26581362771520e-02
  -1.03222492261400e-02
  -8.30695634030566e-03
  -6.60318949490864e-03
  -5.18861885005383e-03
  -4.03318008350951e-03
  -3.10334000123316e-03
  -2.36519243857217e-03
  -1.78654383625858e-03
  -1.33817769671084e-03
  -9.94489218628291e-04
  -7.33665374033228e-04
  -5.37559689611699e-04
  -3.91381133609208e-04
  -2.83287224906971e-04
  -2.03945295550798e-04
  -1.46104142489307e-04
  -1.04201347180793e-04
  -7.40190601524367e-05
  -5.23924360453580e-05
  -3.69693554132877e-05
  -2.60168760407623e-05
  -1.82683146970848e-05
  -1.28044345363664e-05
  -8.96247369263390e-06
  -6.26738575191904e-06
  -4.38046231963573e-06
  -3.06133503704105e-06
  -2.14012910099987e-06
  -1.49722282202343e-06
  -1.04864309982223e-06
  -7.35596104066396e-07
  -5.17005738554321e-07
  -3.64222978793906e-07
  -2.57291297101484e-07
  -1.82320793725203e-07
  -1.29648042501219e-07
  -9.25501867405418e-08
  -6.63484280196700e-08
  -4.77841429094921e-08
  -3.45853273189729e-08
  -2.51655932659661e-08
  -1.84153071346727e-08
  -1.35566855449062e-08
  -1.00432416513899e-08
  -7.48996718103718e-09
  -5.62481059061762e-09
  -4.25491345730607e-09
  -3.24307975690054e-09
  -2.49134626454297e-09
  -1.92948664953451e-09
  -1.50694845892354e-09
  -1.18718288790360e-09
  -9.43645773374448e-10
  -7.56968509461250e-10
  -6.12949992622684e-10
  -5.01126370606161e-10
  -4.13748582015083e-10
  -3.45048637908347e-10
  -2.90711016337924e-10
  -2.47490277583492e-10
  -2.12933302051672e-10
  -1.85176673111313e-10
  -1.62798251267518e-10
  -1.44707990210305e-10
  -1.30067299246016e-10
  -1.18229269199345e-10
  -1.08694225522548e-10
  -1.01076611378956e-10
  -9.50803030207289e-11
  -9.04802581032698e-11
  -8.71089749061883e-11
  -8.48466450938518e-11
  -8.36139095489373e-11
