   1.35111291373373e-01
   1.31019839681495e-01
   1.23882060223557e-01
   1.14061907313563e-01
   1.02051876763858e-01
   8.84368979016761e-02
   7.38541159608982e-02
   5.89509919696170e-02
   4.43451329838264e-02
   3.05889745646509e-02
   1.81417904709425e-02
   7.35065182286199e-03
  -1.55898033560366e-03
  -8.48326822763364e-03
  -1.34316539403615e-02
  -1.65118056724813e-02
  -1.79098757882138e-02
  -1.78682238173169e-02
  -1.66626670108103e-02
  -1.45810491725136e-02
  -1.19045222107565e-02
  -8.89247494145007e-03
  -5.77157849046325e-03
  -2.72899333493064e-03
   9.05635490557812e-05
   2.58444540262800e-03
   4.68910096951846e-03
   6.37526031074467e-03
   7.64202133782951e-03
   8.51049632150432e-03
   9.01755930412063e-03
   9.21009927834006e-03
   9.14004720774521e-03
   8.86032031006272e-03
   8.42172243406814e-03
   7.87075904573043e-03
   7.24826986358063e-03
   6.58874950404394e-03
   5.92021315890871e-03
   5.26446583911488e-03
   4.63764578744681e-03
   4.05093094244072e-03
   3.51131868750445e-03
   3.02241071420675e-03
   2.58515478367758e-03
   2.19851266464534e-03
   1.86003758140475e-03
   1.56635548056724e-03
   1.31355222002977e-03
   1.09747395465524e-03
   9.13951017049760e-04
   7.58956913551223e-04
   6.28714180827748e-04
   5.19758174085509e-04
   4.28968683967745e-04
   3.53577880553657e-04
   2.91161623418392e-04
   2.39619772688756e-04
   1.97149876067101e-04
   1.62217515095656e-04
   1.33525675509160e-04
   1.09984781782443e-04
   9.06844522139420e-05
   7.48676017510904e-05
   6.19071983355459e-05
   5.12857522558734e-05
   4.25774685288811e-05
   3.54328950560877e-05
   2.95658462248075e-05
   2.47423565656249e-05
   2.07714154964984e-05
   1.74972432207667e-05
   1.47928849506243e-05
   1.25549222445446e-05
   1.06991234943653e-05
   9.15687836986756e-06
   7.87228297288321e-06
   6.79976246702309e-06
   5.90213569026458e-06
   5.14904196859760e-06
   4.51566387912945e-06
   3.98169113581933e-06
   3.53048066282867e-06
   3.14837587489932e-06
   2.82415512046443e-06
   2.54858475254314e-06
   2.31405691984292e-06
   2.11429595306157e-06
   1.94412029029665e-06
   1.79924940585418e-06
   1.67614722008004e-06
   1.57189514881552e-06
   1.48408927606196e-06
   1.41075721103772e-06
   1.35029109588332e-06
   1.30139391979725e-06
   1.26303688722240e-06
   1.23442604436820e-06
   1.21497657687355e-06
   1.20429098765862e-06
