   8.77573214960002e-02
   8.50988896382411e-02
   8.04579853102073e-02
   7.40665442798005e-02
   6.62396068456181e-02
   5.73532537415409e-02
   4.78198269436623e-02
   3.80617497814422e-02
   2.84859498229188e-02
   1.94607847676736e-02
   1.12970585974153e-02
   4.23427137128404e-03
  -1.56726906108452e-03
  -6.02838110541821e-03
  -9.14739172951005e-03
  -1.09917829282133e-02
  -1.16862175188752e-02
  -1.13982262071980e-02
  -1.03228734852457e-02
  -8.66763581824540e-03
  -6.63854565905572e-03
  -4.42840899392593e-03
  -2.20762532221351e-03
  -1.17856812144386e-04
   1.73146394396429e-03
   3.26401320168461e-03
   4.43522696663645e-03
   5.22920771844689e-03
   5.65441298594411e-03
   5.73864315993380e-03
   5.52379764064758e-03
   5.06079240060216e-03
   4.40494069556667e-03
   3.61200299288366e-03
   2.73502111650044e-03
   1.82197181989201e-03
   9.14210460822994e-04
   4.56278367481265e-05
  -7.57587452941345e-04
  -1.47670434494186e-03
  -2.09984832397813e-03
  -2.62116326722043e-03
  -3.03984154764553e-03
  -3.35911022854074e-03
  -3.58524206427792e-03
  -3.72664101834291e-03
  -3.79303479684039e-03
  -3.79479196369450e-03
  -3.74236919945377e-03
  -3.64588512753683e-03
  -3.51481073139013e-03
  -3.35776239305683e-03
  -3.18238156636403e-03
  -2.99528463910093e-03
  -2.80206719668136e-03
  -2.60734831778106e-03
  -2.41484239307249e-03
  -2.22744798951446e-03
  -2.04734533522261e-03
  -1.87609593372838e-03
  -1.71473950458526e-03
  -1.56388496009369e-03
  -1.42379330230616e-03
  -1.29445131675213e-03
  -1.17563566905591e-03
  -1.06696753787833e-03
  -9.67958304847995e-04
  -8.78047043559213e-04
  -7.96630687064411e-04
  -7.23087795828852e-04
  -6.56796845364101e-04
  -5.97149904518097e-04
  -5.43562501512769e-04
  -4.95480391426345e-04
  -4.52383852036864e-04
  -4.13790041588431e-04
  -3.79253870101589e-04
  -3.48367760167576e-04
  -3.20760601890867e-04
  -2.96096148068240e-04
  -2.74071045263560e-04
  -2.54412650027616e-04
  -2.36876749079742e-04
  -2.21245266486202e-04
  -2.07324022856483e-04
  -1.94940589788598e-04
  -1.83942268804467e-04
  -1.74194213213464e-04
  -1.65577702398571e-04
  -1.57988572397949e-04
  -1.51335801003290e-04
  -1.45540243943160e-04
  -1.40533516098499e-04
  -1.36257010084777e-04
  -1.32661045435781e-04
  -1.29704140164431e-04
  -1.27352397210148e-04
  -1.25578997479555e-04
  -1.24363780115087e-04
  -1.23692731717481e-04
