1.93388
0.872233
0.313258
0.785105
0.238103
0.207636
0.24852
0.125795
0.0307995
0.0124816
-3.73704
-2.67637
0.393347
-0.912454
-0.449896
-0.0569463
-0.359551
-0.209085
-0.0495082
-0.0358133
0.00803778
0.457262
-0.526191
-0.994959
-0.198984
-0.0863398
-0.214069
-0.101843
-0.0190378
-0.0109234
0.164898
0.405839
-0.359411
-0.580017
-0.0954898
-0.0670032
-0.132603
-0.0608203
-0.0128755
-0.00756867
-3.75709
-2.67637
0.393347
-0.912454
-0.449896
-0.0569463
-0.359551
-0.209085
-0.0495082
-0.0358133
7.23401
8.23565
0.684395
1.2037
2.23595
0.809076
0.642162
0.896135
0.579353
0.446251
0.36123
-1.41646
-0.937731
1.27486
1.06342
0.191852
0.310492
0.351493
0.072566
-0.092434
-0.433327
-1.25671
-0.631278
0.736569
0.489826
0.0399828
0.183922
0.183045
0.0015634
-0.0899526
-0.0461016
0.457262
-0.526191
-0.994959
-0.198984
-0.0863398
-0.214069
-0.101843
-0.0190378
-0.0109234
-0.0959447
-1.41646
-0.937731
1.27486
1.06342
0.191852
0.310492
0.351493
0.072566
-0.092434
-0.0914397
0.321426
1.42909
1.64553
0.603932
0.128535
0.265022
0.283392
0.207835
0.162338
0.166325
0.266587
0.954275
0.953601
0.283162
0.0658579
0.168486
0.165144
0.12524
0.106747
0.282568
0.405839
-0.359411
-0.580017
-0.0954898
-0.0670032
-0.132603
-0.0608203
-0.0128755
-0.00756867
-0.348462
-1.25671
-0.631278
0.736569
0.489826
0.0399828
0.183922
0.183045
0.0015634
-0.0899526
-0.0859659
0.266587
0.954275
0.953601
0.283162
0.0658579
0.168486
0.165144
0.12524
0.106747
0.122732
0.224613
0.638118
0.55327
0.133808
0.0442023
0.110158
0.0992912
0.0813193
0.0750823
3.77684
1.20441
0.788684
0.2646
0.0831286
0.0631358
0.0421331
0.0237985
0.0182484
0.0122165
-5.85008
-5.13826
-3.35866
-0.986459
-0.140148
-0.142585
-0.148832
-0.0876877
-0.0536886
-0.0322327
-0.501747
-0.509166
-0.161323
0.0343399
-0.036883
-0.0966154
-0.0690904
-0.0391426
-0.0319349
-0.0190599
0.0336565
-0.0362955
0.099032
0.0874598
-0.0159495
-0.0565886
-0.036849
-0.021537
-0.020121
-0.0121674
-5.87447
-5.13826
-3.35866
-0.986459
-0.140148
-0.142585
-0.148832
-0.0876877
-0.0536886
-0.0322327
9.2516
22.4732
15.981
5.78765
1.28255
0.779597
0.802005
0.614719
0.47599
0.376858
1.1204
2.15792
0.559624
-0.512773
-0.265801
0.17053
0.211616
0.102782
0.0428133
-0.0128618
-0.0963461
0.107596
-0.622613
-0.732449
-0.265998
0.0708447
0.0922783
0.0283828
-0.000568983
-0.0335827
-0.503097
-0.509166
-0.161323
0.0343399
-0.036883
-0.0966154
-0.0690904
-0.0391426
-0.0319349
-0.0190599
0.724486
2.15792
0.559624
-0.512773
-0.265801
0.17053
0.211616
0.102782
0.0428133
-0.0128618
0.0466891
0.218088
0.0517732
0.0877888
0.205359
0.204763
0.130411
0.0933144
0.0992896
0.0823439
0.0756576
0.0182104
0.00140832
0.0949719
0.159943
0.128865
0.0739604
0.0576552
0.0680009
0.059051
0.111767
-0.0362955
0.099032
0.0874598
-0.0159495
-0.0565886
-0.036849
-0.021537
-0.020121
-0.0121674
-0.0956518
0.107596
-0.622613
-0.732449
-0.265998
0.0708447
0.0922783
0.0283828
-0.000568983
-0.0335827
-0.040269
0.0182104
0.00140832
0.0949719
0.159943
0.128865
0.0739604
0.0576552
0.0680009
0.059051
0.0598018
0.006231
0.0410241
0.11408
0.128327
0.0833208
0.0440055
0.0386993
0.0490735
0.0442862
4.82164
4.12233
0.235031
0.150075
0.137856
0.182752
0.179729
0.0820665
0.0289058
0.0192993
-13.2281
-15.3509
-1.86661
0.435331
-0.129723
0.020802
-0.106929
-0.027399
-0.00669958
-0.0274624
-0.854056
0.0443329
0.367452
-0.503537
-0.185229
-0.0688132
-0.12356
-0.0300125
-0.00954928
-0.0245802
0.0799422
0.812564
0.341521
-0.351563
-0.109322
-0.0522312
-0.0778702
-0.0178613
-0.00768851
-0.0163362
-13.2637
-15.3509
-1.86661
0.435331
-0.129723
0.020802
-0.106929
-0.027399
-0.00669958
-0.0274624
36.7068
57.7186
23.1693
2.2863
0.670013
0.674823
0.341611
0.199097
0.13609
0.152262
2.44436
-0.408357
-4.97333
-2.16347
0.377324
0.194268
0.00229055
0.00361635
0.00156198
0.0180699
-0.271765
-3.22101
-4.53316
-1.52369
0.202169
0.0546662
-0.0218572
-0.00623762
-0.00737395
0.00592118
-0.820672
0.0443329
0.367452
-0.503537
-0.185229
-0.0688132
-0.12356
-0.0300125
-0.00954928
-0.0245802
2.26752
-0.408357
-4.97333
-2.16347
0.377324
0.194268
0.00229055
0.00361635
0.00156198
0.0180699
0.16109
0.108347
1.19345
2.24701
1.27686
0.280996
0.151792
0.146201
0.113639
0.100101
0.0820158
0.0954257
1.05631
1.57264
0.757921
0.141968
0.0994669
0.0925024
0.066731
0.0585081
0.163031
0.812564
0.341521
-0.351563
-0.109322
-0.0522312
-0.0778702
-0.0178613
-0.00768851
-0.0163362
-0.306171
-3.22101
-4.53316
-1.52369
0.202169
0.0546662
-0.0218572
-0.00623762
-0.00737395
0.00592118
-0.0121636
0.0954257
1.05631
1.57264
0.757921
0.141968
0.0994669
0.0925024
0.066731
0.0585081
0.0607949
0.229854
0.942287
1.10157
0.45104
0.0766324
0.0700288
0.0601906
0.0408357
0.0356791
