   4.49676891019823e-04
   2.36883845814528e-03
   5.81958880450983e-03
   1.07993237068835e-02
   1.73032715572641e-02
   2.53250998473402e-02
   3.48569781574224e-02
   4.58895960635226e-02
   5.84121752324853e-02
   7.24124808888005e-02
   8.78768337526565e-02
   1.04790124177106e-01
   1.23135826599394e-01
   1.42896015720156e-01
   1.64051384410501e-01
   1.86581262090327e-01
   2.10463635148670e-01
   2.35675168463618e-01
   2.62191228335936e-01
   2.89985906365168e-01
   3.19032044582382e-01
   3.49301262782023e-01
   3.80763985068372e-01
   4.13389469857756e-01
   4.47145839252441e-01
   4.82000110456553e-01
   5.17918227977410e-01
   5.54865096612239e-01
   5.92804616162779e-01
   6.31699716621115e-01
   6.71512393983837e-01
   7.12203747951151e-01
   7.53734019783070e-01
   7.96062630783924e-01
   8.39148222200590e-01
   8.82948695906109e-01
   9.27421255083320e-01
   9.72522446322196e-01
   1.01820820171719e+00
   1.06443388269244e+00
   1.11115432272744e+00
   1.15832387181060e+00
   1.20589644167812e+00
   1.25382554948218e+00
   1.30206436475772e+00
   1.35056575387602e+00
   1.39928232685436e+00
   1.44816648367887e+00
   1.49717046025028e+00
   1.54624637547643e+00
   1.59534627811337e+00
   1.64442219333951e+00
   1.69342616991093e+00
   1.74231032673544e+00
   1.79102689971378e+00
   1.83952828883207e+00
   1.88776710410762e+00
   1.93569621191167e+00
   1.98326878177919e+00
   2.03043833086235e+00
   2.07715877089736e+00
   2.12338445187261e+00
   2.16907020726760e+00
   2.21417139850647e+00
   2.25864395768368e+00
   2.30244443138920e+00
   2.34553002280587e+00
   2.38785863380672e+00
   2.42938890563864e+00
   2.47008025960596e+00
   2.50989293696868e+00
   2.54878803742701e+00
   2.58672755697755e+00
   2.62367442561238e+00
   2.65959254313324e+00
   2.69444681433735e+00
   2.72820318373204e+00
   2.76082866852142e+00
   2.79229139080777e+00
   2.82256060900741e+00
   2.85160674722463e+00
   2.87940142525386e+00
   2.90591748512617e+00
   2.93112901844112e+00
   2.95501139149947e+00
   2.97754126917929e+00
   2.99869663786964e+00
   3.01845682699040e+00
   3.03680252941269e+00
   3.05371581983714e+00
   3.06918017270099e+00
   3.08318047835731e+00
   3.09570305752627e+00
   3.10673567543237e+00
   3.11626755374245e+00
   3.12428938203253e+00
   3.13079332988291e+00
   3.13577306478528e+00
   3.13922381513165e+00
   3.14114297669877e+00
